0.000061989
0.000083923
0.000123024
0.000164032
0.000186920
0.000273943
0.000504017
0.000277996
0.000319958
0.000355959
0.000427961
0.000440121
0.000433922
0.000505924
0.000503063
0.000662088
0.000641108
0.000713110
0.000700951
0.000674963
0.001132965
0.001182079
0.000845194
0.002047062
0.001003981
0.002561092
0.001470089
0.002286911
0.001585007
0.002487183
0.002885103
0.002972841
0.002547026
0.002372980
0.001693010
0.001654863
0.001384974
0.001636028
0.002382040
0.001344919
0.001662016
0.001676083
0.001600981
0.001883030
0.002039909
0.002450943
0.002090931
0.002104998
0.002074003
0.002041101
0.002084017
0.002276897
0.002138138
0.002160072
0.002600908
0.002329111
0.002437115
0.002357960
0.002465010
0.002393961
0.002522945
0.002983093
0.002510071
0.002737045
0.002750874
0.002655029
0.002943993
0.002618074
0.002600908
0.002625942
0.002590895
0.003142118
0.003171921
0.002717972
0.003170967
0.002922058
0.003388166
0.003043175
0.003243923
0.003617048
0.003112078
0.003095865
0.003622055
0.003683090
0.003975868
0.003937960
0.003833055
0.003651142
0.003705978
0.004303932
0.003839016
0.008049011
0.004029989
0.004151106
0.004443169
0.004439116
0.004740953
0.004830122
0.005308151
0.004980087
0.005043030
0.004601955
0.004839897
0.004292965
0.005054951
0.004723072
0.004698992
0.004770994
0.005135059
0.004840851
0.004510164
0.004989147
0.005210161
0.005691051
0.004488945
0.005032063
0.005316973
0.005232811
0.005460024
0.005445957
0.005192995
0.005442142
0.006153107
0.005923033
0.005305052
0.005241871
0.004940987
0.005692959
0.005782127
0.005799055
0.005682945
0.005105972
0.005061150
0.006139040
0.005183220
0.005203009
0.005125999
0.005678892
0.005828142
0.005789995
0.005977154
0.005784035
0.005455017
0.006053925
0.006011963
0.005579948
0.005551100
0.006155968
0.006320000
0.005693913
0.005825043
0.005764008
0.006343842
0.006062031
0.006894112
0.006110907
0.005935192
0.006165028
0.009799957
0.006489038
0.007524014
0.007057905
0.006209135
0.006848097
0.006416082
0.006513119
0.006867886
0.007326841
0.006776094
0.007436037
0.008407116
0.007723093
0.007575035
0.007160902
0.008049011
0.007458925
0.008670092
0.008419037
0.008410931
0.009523153
0.008009195
0.008024931
0.009613037
0.008039951
0.007846832
0.008890152
0.008107185
0.008525133
0.008291960
0.008525848
0.009116173
0.009299040
0.009551048
0.008579969
0.010788918
0.009773970
0.009187937
0.010418177
0.009938002
0.010175943
0.009304047
0.010136127
0.010154009
0.009988785
0.010159016
0.010226011
0.010524035
0.010138035
0.009128094
0.009213924
0.010542870
0.009391069
0.009634972
0.009435892
0.009238958
0.009327173
0.010591984
0.009592056
0.011816025
0.010877132
0.009481907
0.009422064
0.009883165
0.010603905
0.009842157
0.013858795
0.011260986
0.010822058
0.011337042
0.009901047
0.011471987
0.010354996
0.009978056
0.011231899
0.009824038
0.012792110
0.011190176
0.011518955
0.010540009
0.009928942
0.010684013
0.009979963
0.011355162
0.010107994
0.010500908
0.011986971
0.010353088
0.013360023
0.010236979
0.011674881
0.011872053
0.013332844
0.013566971
0.015568972
0.012257814
0.011529922
0.011874914
0.011991024
0.010375977
0.010921955
0.010431051
0.011960983
0.013481855
0.012822151
0.010603189
0.012136936
0.010879993
0.010987043
0.011037111
0.010831833
0.010715961
0.013421059
0.010889769
0.011378050
0.011022091
0.010988951
0.010929108
0.012305021
0.010951042
0.013032913
0.012811899
0.012953997
0.013029814
0.013339043
0.011118174
0.011322975
0.011255026
0.011555910
0.013078928
0.012891054
0.011580944
0.013020039
0.015871048
0.013550997
0.011462927
0.011271954
0.013265848
0.012929916
0.011580944
0.011423111
0.011620045
0.013333797
0.013866901
0.011451006
0.012284040
0.013402939
0.013481140
0.011732101
0.012078047
0.013865948
0.013559103
0.013804913
0.012012005
0.013980865
0.014013052
0.012072086
0.017812014
0.012003899
0.012319088
0.012295961
0.012201071
0.014200926
0.012894154
0.012084007
0.014461040
0.012510061
0.014158010
0.014235020
0.012869835
0.014539957
0.014735937
0.015043020
0.014086962
0.015126944
0.018091917
0.015259027
0.013607025
0.013554096
0.013794184
0.016000986
0.013833046
0.015782118
0.015938044
0.015859127
0.014692068
0.014153957
0.019035816
0.015644073
0.014628887
0.015550852
0.016165972
0.016436815
0.015034914
0.017032862
0.014899969
0.014701128
0.015022993
0.015017986
0.015034914
0.016726971
0.019397020
0.015361071
0.015479088
0.017923117
0.016844034
0.015873909
0.015857935
0.018454075
0.017951965
0.017429113
0.021973133
0.015992880
0.021978855
0.018968821
0.017525911
0.018353939
0.021984100
0.016748905
0.019045115
0.017522097
0.019266844
0.019145012
0.019208908
0.020173788
0.017888069
0.022326946
0.017573833
0.017977953
0.019707918
0.020040989
0.017921925
0.018790960
0.018117905
0.021090031
0.020642996
0.021238089
0.017935038
0.019921064
0.019840002
0.019573927
0.018189907
0.018030167
0.021530867
0.018635988
0.018205881
0.018084049
0.023754120
0.022984982
0.024425030
0.020982981
0.022368908
0.018821001
0.021588087
0.019018173
0.018759966
0.021897078
0.021469116
0.025887966
0.020954847
0.019832134
0.018739939
0.018681049
0.022143126
0.020507097
0.020462036
0.018794060
0.025378942
0.021184921
0.020069838
0.021582127
0.019172907
0.021563053
0.021678925
0.021849871
0.023552895
0.020792961
0.022391081
0.019015074
0.019299030
0.023412943
0.019594908
0.023041964
0.021509886
0.022294998
0.022130013
0.025547981
0.022761822
0.022684813
0.023045063
0.019707918
0.022541046
0.022314072
0.024464130
0.020252943
0.019588947
0.020133972
0.022834063
0.022552013
0.022816896
0.023087978
0.023048878
0.023105145
0.023104906
0.023014069
0.023106098
0.020075798
0.023663044
0.021279097
0.020982981
0.023927927
0.024024010
0.023949862
0.023530960
0.023715019
0.023787022
0.023830891
0.024540186
0.023106098
0.023365974
0.023775101
0.021461964
0.021056890
0.020838022
0.024055958
0.025827885
0.021639109
0.021476984
0.022094011
0.024170160
0.023935795
0.024125099
0.024847984
0.024454117
0.023808002
0.024178028
0.024621964
0.024790049
0.024436951
0.024832964
0.028513908
0.030961037
0.024680853
0.021517038
0.028514147
0.024783134
0.024945021
0.022362947
0.023555994
0.023022890
0.026232004
0.022608042
0.024245977
0.024985075
0.025341034
0.025219202
0.023064137
0.026561975
0.025259018
0.025610924
0.025281906
0.022853851
0.025382996
0.027754068
0.025271893
0.026092052
0.023132801
0.027438879
0.022994995
0.022924900
0.026193857
0.024411917
0.025496006
0.025769949
0.023833036
0.022973061
0.023131132
0.025079966
0.026197910
0.027616024
0.026067019
0.030378103
0.026097059
0.026196957
0.026577950
0.024206877
0.026476860
0.026590109
0.026064873
0.029736996
0.026653051
0.026942968
0.026807070
0.028427839
0.023756981
0.026910067
0.027086020
0.027016163
0.026922941
0.024033070
0.024537086
0.027148008
0.024393082
0.024775028
0.024406910
0.027662992
0.025447130
0.027131081
0.024735928
0.024763823
0.027642012
0.025939941
0.024743080
0.030706882
0.024623156
0.027658939
0.027571917
0.028146029
0.024491072
0.024817944
0.027767897
0.027807951
0.024933815
0.025469065
0.025083065
0.026209831
0.026883125
0.027981043
0.028398991
0.028646231
0.028260231
0.027088165
0.027022123
0.033593178
0.033931017
0.026051998
0.026005983
0.027109861
0.027089119
0.025804996
0.026338100
0.030403137
0.026185036
0.029908895
0.027549982
0.028988838
0.027311087
0.027136087
0.030171871
0.027802229
0.030961990
0.032778978
0.026902199
0.027427197
0.025974989
0.027511120
0.028485060
0.029009104
0.030888081
0.032670975
0.026257038
0.027602911
0.029874086
0.034166098
0.028712034
0.027281046
0.028609991
0.026839972
0.028341055
0.031309843
0.026659012
0.027832985
0.028825045
0.026829958
0.026882887
0.027395964
0.030423880
0.028328896
0.030550003
0.029788017
0.030550003
0.027400017
0.028084993
0.030234098
0.032441854
0.035233021
0.027840137
0.027319908
0.033780813
0.027645111
0.030920029
0.027400970
0.030444145
0.027315855
0.029973984
0.030119896
0.028445959
0.029397011
0.028608084
0.028759003
0.028398991
0.030678034
0.031141996
0.030900002
0.030540943
0.031127930
0.031831026
0.031927109
0.034395218
0.032963991
0.032771111
0.033430099
0.032906055
0.032706022
0.035557985
0.033088923
0.033518076
0.033385992
0.033556938
0.033889055
0.033730030
0.033967018
0.033982038
0.033399105
0.037930965
0.034283876
0.032696009
0.031770945
0.033901215
0.031883001
0.037499905
0.040536880
0.035311937
0.036319017
0.034739971
0.033823013
0.034486055
0.035220861
0.035587072
0.038841963
0.035830021
0.037987947
0.043871880
0.035744190
0.034909010
0.033511877
0.036026955
0.041520834
0.037131071
0.037405014
0.037269831
0.036895037
0.037052155
0.039083004
0.037022829
0.040808916
0.036623001
0.036471844
0.036442041
0.038203001
0.037186146
0.037855148
0.038173914
0.037806034
0.037807941
0.037972927
0.035956860
0.035898924
0.036652088
0.038089991
0.038331032
0.038423061
0.039912939
0.039240122
0.039057970
0.039947033
0.038960934
0.039212942
0.039363861
0.042207956
0.039944887
0.043537855
0.040031910
0.040642977
0.041669130
0.039958000
0.041141987
0.040621042
0.040719986
0.041038990
0.041409969
0.040625811
0.039710045
0.040858030
0.040222883
0.040158987
0.042016029
0.042161942
0.042239189
0.040545940
0.043259144
0.038885117
0.043970108
0.041640043
0.044284821
0.045589924
0.042541981
0.045420170
0.046861172
0.043153048
0.043025970
0.043466091
0.045301914
0.042283058
0.043611050
0.042845964
0.043306112
0.044034004
0.043299198
0.050220966
0.044018984
0.049762011
0.044366837
0.044222116
0.043996096
0.053061962
0.044824123
0.044904947
0.043895960
0.048463106
0.044950008
0.045025826
0.051287889
0.044560194
0.051992893
0.045892000
0.053112984
0.044881821
0.046590090
0.046514988
0.048109055
0.044692993
0.044120073
0.042634010
0.044770956
0.046102047
0.045922995
0.046124935
0.044471979
0.046112061
0.045127869
0.044258118
0.042779922
0.048941851
0.054937124
0.048181057
0.049786091
0.042778015
0.042459965
0.042659044
0.046700954
0.043627977
0.053689003
0.047313213
0.044741869
0.046531916
0.044036865
0.049965143
0.044908047
0.046311855
0.047006130
0.049828053
0.046576023
0.043348074
0.044191122
0.046278000
0.045613050
0.045907974
0.046660900
0.046113014
0.046126127
0.054179192
0.056189060
0.045983076
0.050168037
0.047462940
0.047106981
0.047043085
0.047277927
0.047528982
0.050608873
0.046356916
0.049100876
0.046823978
0.047315121
0.046782017
0.046769142
0.046916008
0.046625137
0.051779032
0.046958923
0.045611858
0.045938969
0.048196077
0.048078060
0.047816038
0.048245192
0.050697088
0.045271158
0.046262026
0.044281960
0.046660185
0.048574209
0.047112942
0.046936989
0.047240019
0.047044992
0.055023909
0.047374964
0.050987959
0.048412085
0.048310995
0.048447132
0.047802925
0.048386097
0.046487093
0.049566984
0.054624081
0.047398090
0.047602892
0.047338963
0.045171022
0.057172060
0.048506021
0.048043013
0.048352003
0.048140049
0.045376062
0.051227093
0.057332039
0.047731161
0.046489000
0.047053099
0.048739910
0.047440052
0.047535181
0.048366070
0.046540976
0.046622038
0.049477100
0.046364069
0.047363997
0.052130938
0.047796965
0.047679901
0.048175097
0.049895048
0.048627138
0.048809052
0.047438860
0.048219919
0.056686878
0.049702883
0.048161983
0.048280001
0.048388958
0.047599077
0.046591997
0.049191952
0.046869993
0.046696901
0.050474882
0.049381018
0.049710989
0.048779964
0.048193932
0.048154116
0.051920891
0.050036192
0.050492048
0.049573183
0.050043106
0.050788879
0.049623013
0.050306797
0.049888134
0.057891130
0.049740791
0.050086975
0.049498081
0.056201935
0.049926996
0.052064896
0.047713995
0.051812172
0.049964905
0.047597885
0.048370123
0.047046900
0.050652981
0.049767017
0.047195911
0.054612875
0.050534964
0.051132917
0.047959089
0.049906969
0.052438974
0.051198006
0.051450968
0.050568819
0.051088095
0.050617933
0.050400019
0.050186872
0.055509806
0.049286842
0.051340103
0.051681995
0.060398102
0.052294970
0.051836967
0.051770926
0.057729959
0.048655987
0.048841000
0.050411940
0.055741072
0.058416128
0.052695036
0.058654070
0.056789160
0.051081896
0.051923990
0.062096119
0.060537100
0.057787895
0.051620960
0.057006836
0.049916029
0.049403906
