0.000090122
0.000157833
0.000128984
0.000160933
0.000176907
0.000247002
0.000278950
0.000499010
0.000325918
0.000354052
0.000373125
0.000423908
0.000466824
0.000468016
0.001069069
0.000698090
0.000583172
0.000674009
0.000650883
0.000941992
0.000751972
0.000746965
0.000955105
0.002249956
0.001803160
0.001592159
0.001659155
0.002746105
0.002251148
0.002063036
0.002274990
0.001399994
0.001347065
0.001307011
0.001774073
0.001966000
0.001466036
0.002785921
0.002815008
0.001425028
0.001456022
0.001494169
0.001652956
0.001796961
0.001986027
0.001883984
0.001879930
0.001971960
0.002173901
0.002272129
0.002129078
0.002166986
0.002433062
0.002248049
0.002578020
0.002732992
0.002891064
0.002700806
0.002413034
0.003162861
0.002624989
0.002774954
0.002665043
0.002882957
0.002606869
0.002481937
0.002611876
0.002719879
0.003205061
0.003196001
0.003016949
0.002836943
0.003515005
0.002955914
0.003272057
0.003041983
0.003522158
0.003531933
0.003092051
0.003251076
0.003309965
0.003718138
0.003637075
0.003244162
0.003624916
0.003727913
0.004093885
0.003942966
0.003906012
0.003600836
0.004100084
0.004385948
0.004158020
0.004540920
0.004584074
0.004557848
0.004586935
0.004338980
0.004288197
0.004778147
0.004286051
0.005086184
0.005190134
0.005146980
0.004950047
0.004821062
0.004787922
0.004696131
0.005074978
0.004405022
0.004657984
0.005284786
0.005131006
0.005191088
0.005411863
0.004746914
0.005496979
0.004929781
0.004757881
0.004789829
0.005023956
0.004863024
0.005540848
0.005792856
0.005304098
0.005409002
0.005302906
0.005506039
0.005035162
0.005049944
0.005093098
0.005074978
0.005502939
0.005729914
0.005551100
0.005797148
0.005311012
0.005280018
0.005280018
0.005715847
0.005630970
0.005980015
0.005649090
0.005461931
0.005522013
0.006132841
0.005990028
0.005532980
0.005720139
0.006062984
0.006350040
0.006722927
0.005784988
0.006114006
0.005887032
0.007251024
0.006676197
0.006579876
0.007329941
0.006578922
0.006624937
0.006366014
0.007369995
0.006848097
0.006322861
0.007294178
0.006970882
0.006690979
0.007966042
0.007061958
0.007584095
0.006936073
0.008436918
0.007064104
0.008257151
0.007347107
0.008137941
0.008150816
0.009143829
0.007948160
0.007804155
0.007969856
0.008427858
0.007905960
0.007843018
0.008300066
0.008413076
0.008059978
0.009228945
0.009191990
0.009726048
0.009482145
0.009644032
0.009693146
0.009490013
0.008791924
0.008700848
0.010025978
0.010016203
0.009330988
0.009052038
0.011508942
0.010027885
0.009043932
0.009211779
0.010313988
0.010284901
0.009362221
0.010423899
0.010149956
0.011893988
0.009202003
0.009675026
0.010956049
0.010653019
0.010686874
0.010615110
0.010473013
0.011901855
0.011018038
0.009976864
0.009747028
0.010707140
0.010590076
0.010653019
0.012297153
0.009716034
0.009572029
0.009615183
0.011177063
0.009881020
0.011543036
0.011107922
0.010516882
0.009876966
0.009882927
0.012692213
0.011629105
0.011233091
0.011109829
0.011463881
0.011389971
0.011888981
0.011368036
0.010390043
0.011420012
0.010340929
0.011268854
0.011530876
0.011528015
0.012417078
0.012974024
0.013176918
0.010711908
0.012910128
0.010303974
0.010200977
0.010876894
0.010768175
0.012116909
0.010634899
0.012224197
0.012147903
0.010813951
0.012065887
0.010976076
0.010787010
0.012199879
0.010430813
0.011613846
0.010592937
0.010864973
0.012768984
0.010746002
0.010744095
0.011672020
0.010960817
0.011206865
0.010877132
0.011430979
0.012452841
0.013092995
0.012311935
0.011299849
0.011516809
0.011569977
0.012238979
0.012278080
0.012700081
0.012839079
0.012936115
0.011966944
0.015100002
0.012314081
0.011826992
0.012047052
0.011394024
0.013956070
0.013046026
0.011447906
0.011851072
0.012089014
0.011548996
0.011538029
0.012394905
0.011511087
0.011973143
0.015289068
0.011762142
0.012471914
0.011744022
0.011836052
0.012142181
0.012301922
0.013010979
0.012531996
0.014580011
0.012339115
0.012905121
0.013156891
0.012234926
0.014580965
0.012237072
0.014131784
0.013046026
0.012050152
0.012851954
0.013093948
0.015803099
0.013235807
0.013195992
0.014126062
0.013257980
0.015401125
0.013452053
0.015779018
0.013468981
0.013857126
0.016330004
0.016272068
0.013759851
0.013818026
0.014906168
0.014220953
0.015256882
0.016210079
0.015203953
0.017201185
0.015746832
0.014277935
0.014461040
0.016097784
0.014633894
0.014462948
0.014625072
0.015053034
0.016919851
0.016832829
0.015480995
0.021939993
0.018725872
0.015223980
0.016583920
0.015666962
0.016950130
0.015522003
0.015869856
0.019043922
0.018038988
0.016566038
0.016246080
0.017660856
0.016394138
0.016622066
0.017808914
0.016438961
0.017622948
0.016816854
0.016803026
0.017400980
0.016870022
0.017860889
0.017392874
0.020251989
0.017151833
0.017081022
0.017466068
0.017549992
0.017768860
0.025001049
0.017623901
0.017700911
0.018135786
0.023072958
0.019771814
0.017775059
0.018159151
0.018482924
0.019075871
0.018893003
0.018320084
0.020540953
0.019484997
0.020845890
0.023010969
0.018510103
0.018944979
0.020858049
0.020334959
0.021831989
0.018206120
0.019139051
0.021102905
0.021015167
0.018946886
0.019927025
0.021207809
0.027757883
0.020056009
0.022389889
0.021422863
0.019193888
0.020773172
0.019108057
0.019723892
0.021594048
0.024252892
0.020751953
0.020997047
0.021562815
0.020550966
0.019193888
0.020117998
0.020656109
0.021858931
0.023041964
0.019078970
0.019275188
0.020504951
0.020721912
0.019632816
0.024500132
0.019877911
0.020135880
0.024744987
0.019839048
0.019815207
0.019602060
0.022005081
0.023053885
0.019563913
0.020858049
0.020676851
0.021490097
0.021816969
0.020821810
0.020435810
0.020819187
0.022518158
0.022739887
0.022116899
0.022324085
0.022822142
0.020927906
0.027405977
0.021771193
0.021260977
0.020545006
0.025858879
0.023180962
0.021065950
0.023231983
0.026829004
0.027809143
0.023312807
0.024087906
0.026796818
0.023768902
0.024051189
0.023792982
0.024394989
0.024224997
0.025042057
0.022521019
0.021672964
0.021397114
0.020880938
0.021216869
0.021193027
0.021617889
0.023903847
0.023485899
0.021612883
0.023864031
0.021628141
0.021363020
0.021933079
0.024089098
0.025247097
0.025913000
0.024833918
0.024306059
0.021474838
0.023375988
0.024873018
0.024904013
0.028875113
0.025094032
0.022752047
0.022199869
0.029752970
0.023525953
0.025178909
0.025537968
0.027034044
0.025635958
0.025260925
0.022435904
0.023860931
0.025434971
0.025583982
0.025359869
0.025817871
0.025642872
0.022863865
0.022947073
0.024001837
0.027330160
0.030576944
0.025565147
0.033478022
0.027676105
0.023077011
0.024071932
0.022883892
0.023102999
0.027812958
0.026410103
0.026229858
0.026103973
0.026021004
0.023761988
0.026454926
0.026464939
0.028728962
0.023854017
0.023535967
0.027290821
0.026765108
0.026823997
0.026473045
0.024134874
0.023888111
0.025735140
0.026979923
0.027189970
0.027080059
0.024036884
0.027334929
0.031056166
0.024554968
0.026103973
0.030267954
0.027235031
0.027361870
0.027627945
0.031713963
0.032953978
0.027327061
0.027300119
0.029132128
0.024782896
0.028215885
0.024518013
0.026895046
0.024885893
0.024549007
0.024605989
0.025373936
0.033359051
0.028995991
0.025805950
0.028481007
0.025609016
0.026000023
0.028281927
0.028266191
0.027961969
0.029099941
0.028515816
0.027181149
0.028315067
0.028857946
0.027667999
0.030158997
0.030248165
0.028359890
0.034116983
0.028957129
0.030794859
0.025432110
0.031379938
0.026700974
0.025407791
0.025825024
0.026867867
0.028945923
0.030497074
0.028211832
0.026160955
0.027732134
0.031214952
0.029268980
0.028892040
0.026462793
0.027578115
0.029304028
0.029148817
0.033421040
0.026109934
0.028042078
0.028560162
0.029342175
0.026648998
0.026588202
0.029011965
0.032951117
0.027202129
0.034565926
0.033869982
0.027597904
0.026871920
0.030066013
0.028831959
0.029842138
0.029772043
0.030563116
0.029612064
0.030245781
0.027089834
0.029274940
0.030416012
0.029088020
0.030560017
0.030236959
0.030519009
0.031064987
0.030385017
0.030357838
0.030709028
0.030447960
0.030337095
0.027531147
0.029155970
0.027441025
0.033663988
0.027936935
0.032362938
0.031327009
0.031104088
0.029055834
0.030406952
0.034548998
0.033526897
0.032297850
0.030539036
0.032521009
0.032931805
0.031740904
0.033052206
0.033156872
0.032282829
0.030400038
0.031454086
0.040042877
0.031316042
0.033010960
0.032742977
0.036501169
0.030938864
0.033910036
0.033992052
0.034215927
0.031767130
0.031775951
0.038873911
0.035107136
0.034145117
0.032225132
0.035228968
0.031949997
0.034623861
0.032974005
0.032246828
0.032901049
0.034545898
0.033426046
0.033272028
0.035362959
0.033679008
0.035830021
0.035639048
0.033259869
0.036708117
0.035180092
0.038772106
0.044121981
0.033623934
0.035109997
0.033962965
0.035039186
0.035349131
0.034723043
0.034308910
0.036212921
0.037681103
0.040035963
0.040232182
0.039186954
0.034725904
0.045403957
0.042640924
0.044744015
0.039040089
0.036058903
0.041847944
0.041679144
0.041486979
0.046566010
0.039157152
0.039535046
0.039920092
0.039037943
0.039183855
0.036725044
0.038884163
0.036630869
0.037595987
0.036967993
0.042974949
0.037765980
0.037274837
0.037414074
0.047606945
0.048314095
0.041468143
0.040041924
0.037476778
0.046929836
0.038005829
0.044306040
0.041144133
0.038213968
0.044547081
0.045339108
0.039999962
0.038437843
0.044275999
0.044162989
0.041887999
0.044010878
0.039018154
0.038777113
0.039891005
0.041230917
0.043148041
0.041705847
0.041927099
0.039996147
0.042033195
0.043375015
0.040107965
0.039938927
0.040426016
0.043366909
0.047884941
0.042063951
0.042526007
0.047346830
0.040857077
0.044308901
0.052661896
0.042908907
0.052663088
0.044113874
0.041316986
0.041175842
0.049075127
0.042175055
0.046844006
0.044744015
0.045279980
0.042177200
0.042275906
0.045271158
0.042088985
0.043809175
0.048387051
0.042623043
0.041908026
0.042185068
0.047962904
0.047689915
0.047019958
0.045398951
0.045370817
0.045247793
0.053332090
0.044886112
0.045532942
0.043161869
0.054538012
0.045396090
0.046380997
0.042754889
0.051531076
0.045631886
0.045507193
0.045451164
0.045852900
0.054173946
0.053071976
0.044939995
0.045897961
0.046664000
0.048228025
0.045292139
0.046422958
0.046287060
0.046524048
0.048633814
0.047402859
0.047151804
0.045403957
0.045693874
0.055144072
0.044713974
0.046113968
0.044146061
0.044872999
0.045128107
0.045181990
0.045783997
0.045081139
0.046874046
0.047199011
0.048316956
0.046472073
0.045913935
0.044968128
0.046897173
0.046204805
0.046382189
0.046022892
0.046185970
0.046489954
0.045501947
0.046627045
0.047235012
0.045602083
0.045931816
0.045852900
0.047567844
0.046133041
0.046956062
0.045996904
0.046559095
0.053308010
0.047551870
0.047467947
0.051584959
0.052083969
0.048338890
0.049527168
0.055282831
0.047318935
0.046491146
0.047452927
0.048343897
0.045951843
0.048407078
0.047187090
0.049043894
0.047196865
0.048051834
0.046780109
0.045706987
0.049444914
0.047168016
0.050900936
0.048170090
0.047957182
0.048122883
0.048913956
0.048341036
0.048280001
0.047847033
0.048002005
0.051924944
0.048754930
0.049430132
0.049085140
0.049018860
0.048025131
0.047649860
0.047755003
0.050866842
0.049334049
0.050040007
0.050432920
0.048786879
0.053380966
0.046525002
0.047736883
0.049736977
0.049202919
0.051566839
0.048232794
0.049009085
0.046412945
0.046180010
0.047009945
0.049034119
0.057048798
0.050188065
0.055895090
0.048081875
0.046521902
0.053879976
0.048440933
0.050010920
0.050081968
0.047575951
0.049033165
0.047986984
0.047243118
0.049200058
0.048038960
0.050046206
0.049069881
0.050637007
0.048475027
0.055292845
0.047281981
0.047417879
0.050169945
0.047450066
0.048023939
0.047343969
0.052219868
0.047896862
0.051107883
0.050495148
0.054377079
0.049290895
0.049998999
0.061134100
0.055097103
0.057708979
0.050879002
0.050006866
0.051732063
0.050088882
0.058100939
0.047900915
0.051918983
0.047946930
0.048551083
0.061029911
0.051424980
0.051676035
0.050840855
0.051130056
0.052852869
0.050616980
0.050860882
0.048922062
0.048967123
0.048873186
0.048692942
0.048784018
0.049484015
0.049156904
0.048788071
0.049131155
0.049269915
0.049281836
0.048542976
0.048522949
0.052704096
0.053002119
0.051766157
0.050417900
0.048330069
0.053664923
0.048827887
0.050811052
0.050036192
0.052742004
0.049211979
