0.000056982
0.000094891
0.000127077
0.000284910
0.000308037
0.000256062
0.000303030
0.000550032
0.000365973
0.000324965
0.000479937
0.000443935
0.000491142
0.000469923
0.000499010
0.000602961
0.000586033
0.000731945
0.000703812
0.001679897
0.000956059
0.000755072
0.001938105
0.001783848
0.001375914
0.001068115
0.001510859
0.002038956
0.002320051
0.001815081
0.001901150
0.002459049
0.001880169
0.002810955
0.001547098
0.002058983
0.001974106
0.001371145
0.001632929
0.001624107
0.001546144
0.001708031
0.001663923
0.001707077
0.001874208
0.002140045
0.001909971
0.001986980
0.001966000
0.002129078
0.002366066
0.002090931
0.002191067
0.003098965
0.002847910
0.002635002
0.002628088
0.002718210
0.002386093
0.002320051
0.002394915
0.003153086
0.002829075
0.002466917
0.002748966
0.002805948
0.002866983
0.002605915
0.002685070
0.002642870
0.003010035
0.002680063
0.002701998
0.002722979
0.003227949
0.003569126
0.003484011
0.003015995
0.002940178
0.003293037
0.003350973
0.003195047
0.003777981
0.003903866
0.003881216
0.003795862
0.004127026
0.003567934
0.003666162
0.004163980
0.004367828
0.004987001
0.005027056
0.004523039
0.004631042
0.004093885
0.004566908
0.004739046
0.004996061
0.004513979
0.004556179
0.004268169
0.004652977
0.004961014
0.004492998
0.004622936
0.004967928
0.004743099
0.004575968
0.004860163
0.004817963
0.004650116
0.004789829
0.004885912
0.004483938
0.004689932
0.005696058
0.005141973
0.005587816
0.005205870
0.005540848
0.005156994
0.005244970
0.005362034
0.005156994
0.004699945
0.005411863
0.005458832
0.005360842
0.005496979
0.005399227
0.005110979
0.005489826
0.005588055
0.005239010
0.005502939
0.005676985
0.005738974
0.005578995
0.006227016
0.005810976
0.005306005
0.005480051
0.005374908
0.005459785
0.005524874
0.005935192
0.005517960
0.006124973
0.006244898
0.006452084
0.006070137
0.006129980
0.007032156
0.006431103
0.005981207
0.005944014
0.006036043
0.006747961
0.006139994
0.006411791
0.006591082
0.006738901
0.007705927
0.006968021
0.006556034
0.007266998
0.007184982
0.007264853
0.007219076
0.007092953
0.006958961
0.008089066
0.007875919
0.008557081
0.007972956
0.007794857
0.011037111
0.008240938
0.007951021
0.007548094
0.007580996
0.008664131
0.008934021
0.009506941
0.008823156
0.008010864
0.008995056
0.009384871
0.008188963
0.008293867
0.008157969
0.008672953
0.010583878
0.011569977
0.008892059
0.008603096
0.008780003
0.010802031
0.009063005
0.008935928
0.008971930
0.009500027
0.008908987
0.010329008
0.009126902
0.009630919
0.009529114
0.009132862
0.009284019
0.013217211
0.009339809
0.009137869
0.010318041
0.010537863
0.010401011
0.010126829
0.009255886
0.009846926
0.009514093
0.010719061
0.010838032
0.009701014
0.010161161
0.010106087
0.014663935
0.010836124
0.009450912
0.009549856
0.009604931
0.011032104
0.010969162
0.011135817
0.011160135
0.010101080
0.011338949
0.010626793
0.010559082
0.009803057
0.012810946
0.011377096
0.011192083
0.011430025
0.009976864
0.010026217
0.010023832
0.010100126
0.010061979
0.010138035
0.009892941
0.012154102
0.010195971
0.011812210
0.011835098
0.012156010
0.011263132
0.010847092
0.011785030
0.011951923
0.012038946
0.011614084
0.010637045
0.010369062
0.012107849
0.011901855
0.011554003
0.013358831
0.012495041
0.011049032
0.010746002
0.011162996
0.011795998
0.010688066
0.011374950
0.011048079
0.013028145
0.011132956
0.010948896
0.013318062
0.011539936
0.011260033
0.012778044
0.011692047
0.011549950
0.011294127
0.011375904
0.014775991
0.011610031
0.011202097
0.011086941
0.012791157
0.012778044
0.011716127
0.012806892
0.013686895
0.016362906
0.011323929
0.011794090
0.012049913
0.011810064
0.013978004
0.011384964
0.011440039
0.011857986
0.013033152
0.011615992
0.012946129
0.013879061
0.011718035
0.013303041
0.011781931
0.011867046
0.012005091
0.011917114
0.012256145
0.011783123
0.013489008
0.012135983
0.012200832
0.012053013
0.012181997
0.012662888
0.012887955
0.012350082
0.015918970
0.014237881
0.012902021
0.012477875
0.014422894
0.013396978
0.012820959
0.012836933
0.012935162
0.013288975
0.013371944
0.013277054
0.013381004
0.015985966
0.014042854
0.016522884
0.013505936
0.013594151
0.015207052
0.013978958
0.014295816
0.014013052
0.014131069
0.014456034
0.014607906
0.014368057
0.020038843
0.014537096
0.017348051
0.014494896
0.016791105
0.015978813
0.015309095
0.017278910
0.015185833
0.017574072
0.017724037
0.015439987
0.016383886
0.017868042
0.017410994
0.017232895
0.016057968
0.017535925
0.015895128
0.016147852
0.017256021
0.019538879
0.018414974
0.017437935
0.018017054
0.018728018
0.018534184
0.016781092
0.016698837
0.017015934
0.019242048
0.017259836
0.017210007
0.019408226
0.019605160
0.017273903
0.022516966
0.023445129
0.017494917
0.020633936
0.018049002
0.017693043
0.020530939
0.020814896
0.018773079
0.017951012
0.023602962
0.021425009
0.020678043
0.023800135
0.020200014
0.018781185
0.020499945
0.018450975
0.019617081
0.021337986
0.024749994
0.018348932
0.020703077
0.021651030
0.020256996
0.022807121
0.018672943
0.018687963
0.019531012
0.021609068
0.022903919
0.018989086
0.021429062
0.020080805
0.022189856
0.021857023
0.021651983
0.023150921
0.020316124
0.025631905
0.026525021
0.021224022
0.019803047
0.022508860
0.022128105
0.021320105
0.020891905
0.021675110
0.024975777
0.022787094
0.019292831
0.022588015
0.021835089
0.019441128
0.021932125
0.022235155
0.021664143
0.022692919
0.022299051
0.022535086
0.021888971
0.021490097
0.022222996
0.022275925
0.026175022
0.023376942
0.024221897
0.019752979
0.026926041
0.026944160
0.020699978
0.022809982
0.026104927
0.022645950
0.024071932
0.022391081
0.020102978
0.022886038
0.021358013
0.021703005
0.025489092
0.021541834
0.023724079
0.020684958
0.023586035
0.022773027
0.022419214
0.023513079
0.020756006
0.021394968
0.021713018
0.025508881
0.021367073
0.023563862
0.024625063
0.021643877
0.022315025
0.022819042
0.020850182
0.022176981
0.023583889
0.024369001
0.027122021
0.021776199
0.024602890
0.021653175
0.024239063
0.021801949
0.021935940
0.022323132
0.022601128
0.022416115
0.021795034
0.021518946
0.031888008
0.023201942
0.022346973
0.028702974
0.024613142
0.022805214
0.022145033
0.026392937
0.023577213
0.024947882
0.024955988
0.022071838
0.028823137
0.022778034
0.024153948
0.023224115
0.023027182
0.027200937
0.022866011
0.022697926
0.025648832
0.024288893
0.023167849
0.023210049
0.027637005
0.022738934
0.023337841
0.023099899
0.025907993
0.023196936
0.030034065
0.022957087
0.022884130
0.022895098
0.023689985
0.023740053
0.023771048
0.029073954
0.028407812
0.030662060
0.024276018
0.024694920
0.025214195
0.023452044
0.025957108
0.025130987
0.026732922
0.023828983
0.026926041
0.026566029
0.027277946
0.028021097
0.028404951
0.028036118
0.023983002
0.024685144
0.024065018
0.024663925
0.024634838
0.027159929
0.025362015
0.024825096
0.025498867
0.027175903
0.027217865
0.026911974
0.027529955
0.032757998
0.027173996
0.027386189
0.027716875
0.028753042
0.032279968
0.031144857
0.026454210
0.027277946
0.025803804
0.025417089
0.027580976
0.027770996
0.032021999
0.027973175
0.028743982
0.027254105
0.028108120
0.030430079
0.026767015
0.027645111
0.026506901
0.027963161
0.026567936
0.028116941
0.032085896
0.025990963
0.028491974
0.026698112
0.025321007
0.028805971
0.028502941
0.028299093
0.033972025
0.025635004
0.025798082
0.026963949
0.033735991
0.032845974
0.026393890
0.027370930
0.028192997
0.027647972
0.027050972
0.029458046
0.026627779
0.027480125
0.027943850
0.029387951
0.026010990
0.029469967
0.027383089
0.027100086
0.028455019
0.027501106
0.026934862
0.027077913
0.026928902
0.026799917
0.028343916
0.036214113
0.029546976
0.026859999
0.028986931
0.030478954
0.026718855
0.027539968
0.028066874
0.029867172
0.026937008
0.031201839
0.027486086
0.026892900
0.026932955
0.027439833
0.027095079
0.030611992
0.027606964
0.030851841
0.030434132
0.030578852
0.030622959
0.035063028
0.029608011
0.029286146
0.029824018
0.027832031
0.029609203
0.035771132
0.028868914
0.031324863
0.031032085
0.030427933
0.030848980
0.038930893
0.032693863
0.031956911
0.030126095
0.039057016
0.039237976
0.035343170
0.031506062
0.031527996
0.030797958
0.032754898
0.033347130
0.037535906
0.030805111
0.030613899
0.032257080
0.031917095
0.033838034
0.034147024
0.032234907
0.032423973
0.034345150
0.033231974
0.034567118
0.034959078
0.032082796
0.033504009
0.031731129
0.039168119
0.042361021
0.035567045
0.040771008
0.035305977
0.037300110
0.038792133
0.033874035
0.035829067
0.033375025
0.036633968
0.035797119
0.036333084
0.040767908
0.038323879
0.034639120
0.038648129
0.037258148
0.037098885
0.035552979
0.037267923
0.037577868
0.040333033
0.044662952
0.036986113
0.035025835
0.037618876
0.035506010
0.036268950
0.038244963
0.038493156
0.038405180
0.035181999
0.045537949
0.035964012
0.038667917
0.038240194
0.038192034
0.037561893
0.046573877
0.038640976
0.039337873
0.039315939
0.038995028
0.036870003
0.036625862
0.042651892
0.040032864
0.041651011
0.040647984
0.039780140
0.039996147
0.044184923
0.037210941
0.041127920
0.041097879
0.040415049
0.040887117
0.046164989
0.046403170
0.040395021
0.040628910
0.040894032
0.038617134
0.044792175
0.038712978
0.046743870
0.040043831
0.047753096
0.045087099
0.039149046
0.042136908
0.039567947
0.040967941
0.042467117
0.042503834
0.042721033
0.042652130
0.042011023
0.050156116
0.039674997
0.043401003
0.040419817
0.040270090
0.050067902
0.040184021
0.040140152
0.043353081
0.043599129
0.053388119
0.044010162
0.044231892
0.052505970
0.044193029
0.043012857
0.041150808
0.041822910
0.044863224
0.049214840
0.043984175
0.045144081
0.047404051
0.042531013
0.042313099
0.044697046
0.043999910
0.047605038
0.042377949
0.044015884
0.047726870
0.045074940
0.046280861
0.043481112
0.051743984
0.046062946
0.045871973
0.048804045
0.047282934
0.048409939
0.046303988
0.047152996
0.045933962
0.045109987
0.045422077
0.045070171
0.045794010
0.046504021
0.044389009
0.044400930
0.044361115
0.043181181
0.043101072
0.049968004
0.043170929
0.053380013
0.052400112
0.047272921
0.046730042
0.047304153
0.048222780
0.048685074
0.045428038
0.046128035
0.046260834
0.044307947
0.047029972
0.044333935
0.047789097
0.043817997
0.050705910
0.043843985
0.043772221
0.045836926
0.045221090
0.043720961
0.053102016
0.046756983
0.046711922
0.047686100
0.047662973
0.048103094
0.047503948
0.045468092
0.047816992
0.048011065
0.046118021
0.044576168
0.044737101
0.045112133
0.045202971
0.043875933
0.045078993
0.047110081
0.047608137
0.046969891
0.048450947
0.047878981
0.046569109
0.050608873
0.044317007
0.050199986
0.047614098
0.045882940
0.047742128
0.048438072
0.047813177
0.048035860
0.050508022
0.047725916
0.046311855
0.045011997
0.051036835
0.047801018
0.051040888
0.047635078
0.047741890
0.046238184
0.045420885
0.045784950
0.046180964
0.053718090
0.045108080
0.045534849
0.045213938
0.055605888
0.056818962
0.048336029
0.046283960
0.048316956
0.049787998
0.048121929
0.056020021
0.049803972
0.052000046
0.049836159
0.047983170
0.047667980
0.048172951
0.048142910
0.049206018
0.049035072
0.048895121
0.052429914
0.049444914
0.047430038
0.049740076
0.056982994
0.053905964
0.049069166
0.046593904
0.049335003
0.048892021
0.049379826
0.049819946
0.048898935
0.050164938
0.049160957
0.047063112
0.050542116
0.057851076
0.049932003
0.048199892
0.050014973
0.054187059
0.048064947
0.047369003
0.046882153
0.051629066
0.049427986
0.047204018
0.047909021
0.049298048
0.053730965
0.050591946
0.057940960
0.049813986
0.049807072
0.048709154
0.047982931
0.055172920
0.056730986
0.047770023
0.048050880
0.049931049
0.051090956
0.048936129
0.054463148
0.047979832
0.057439089
0.047848940
0.051088095
0.048728943
0.049618006
0.047472954
0.050532103
0.049690962
0.051022053
0.047811031
0.048415899
0.049977064
0.048536062
0.050467968
0.049356222
0.050314903
0.051998138
0.048421860
0.047901154
0.048251867
0.048164845
0.049688101
0.049629927
0.049891949
0.050185919
0.050682068
0.048263073
0.048366070
0.048583031
0.048985958
0.048139095
0.049646854
0.048987865
0.055815935
0.049154043
0.051376104
0.048954010
0.056313038
0.049376965
0.051354170
0.049227953
0.054905176
0.049968004
