0.000064850
0.000098944
0.000123978
0.000260115
0.000183821
0.000430822
0.000272989
0.000275135
0.000320911
0.000350952
0.000408173
0.000401974
0.000424147
0.000478029
0.000508070
0.000560999
0.000571012
0.000591993
0.000860929
0.000728846
0.001053810
0.001631021
0.000851870
0.002360821
0.000926971
0.001186848
0.001716137
0.001736164
0.002485037
0.001742125
0.001660109
0.002383947
0.002557039
0.002275944
0.001281023
0.002152920
0.001373053
0.001951933
0.001387119
0.001559019
0.001564980
0.001576900
0.002211094
0.001862049
0.001756907
0.002243996
0.001989841
0.002034903
0.002150059
0.002177954
0.002290010
0.002382040
0.002640963
0.002252817
0.002526045
0.002984047
0.002593040
0.002841949
0.002797127
0.002704859
0.002854109
0.002429962
0.002949953
0.002413988
0.003294945
0.002864122
0.002965927
0.002884150
0.002649069
0.003093958
0.002994061
0.003077030
0.003010988
0.003298998
0.003176928
0.003321171
0.003319979
0.002836943
0.002811909
0.003208876
0.003051996
0.003031969
0.003759146
0.003738165
0.003402948
0.003901005
0.003846169
0.003949881
0.004333973
0.004028082
0.004183054
0.003845930
0.008257866
0.004634142
0.003819942
0.003867149
0.004283905
0.004607916
0.003986835
0.004672050
0.004390001
0.004825830
0.004651070
0.004307032
0.004425049
0.004822016
0.004713058
0.004442930
0.004492998
0.005074978
0.005458117
0.005270958
0.005176067
0.005005836
0.004590034
0.005287170
0.004650116
0.004683971
0.005821943
0.005236864
0.005554199
0.005244017
0.005807161
0.005151033
0.005878925
0.004972935
0.005388021
0.005735874
0.005349874
0.005038023
0.005352974
0.005883932
0.005117893
0.005640030
0.005682230
0.005594969
0.005630970
0.006020069
0.005357027
0.006005049
0.005748034
0.005260944
0.005356073
0.005501032
0.005784988
0.005458832
0.006020069
0.006587029
0.005685091
0.005754948
0.005746841
0.006582975
0.006271839
0.006046057
0.005926847
0.006036043
0.006195068
0.007133961
0.007531166
0.006417036
0.007323027
0.006389856
0.006628990
0.006335974
0.006903172
0.006510019
0.007196903
0.007809162
0.007481098
0.008150101
0.007709980
0.007580996
0.007022858
0.007205963
0.007932901
0.007207870
0.008435965
0.008249998
0.008274794
0.008170128
0.007794142
0.009402990
0.008343935
0.008367062
0.007750988
0.008069038
0.008122921
0.009239912
0.009325981
0.009664059
0.009480000
0.009386063
0.009053946
0.008605957
0.008656025
0.010061979
0.008622169
0.009564877
0.009061098
0.009551048
0.010426998
0.008970976
0.009020090
0.009228945
0.010336161
0.009984016
0.010603189
0.009189129
0.010285139
0.009192944
0.009355068
0.009181023
0.009707928
0.010481119
0.009927988
0.009868145
0.010360956
0.010722160
0.009361029
0.011889935
0.010911942
0.010671139
0.010526896
0.011101961
0.009510994
0.010647058
0.010710955
0.010746956
0.012045860
0.010963917
0.009999037
0.010185957
0.010151148
0.010986090
0.009740114
0.010035992
0.010346889
0.009914875
0.012073040
0.011547089
0.011225224
0.011219978
0.011224985
0.013416052
0.012758970
0.011421919
0.010128975
0.010626793
0.010946989
0.011564970
0.010276079
0.011821032
0.010211945
0.010792971
0.011764050
0.010357141
0.011897087
0.011687994
0.010724068
0.010949135
0.012002945
0.010751963
0.010536909
0.010488987
0.011867046
0.011811018
0.014199972
0.012618065
0.010496140
0.012520075
0.011193991
0.014363050
0.012234926
0.011172056
0.012839079
0.012490034
0.013378859
0.012540102
0.012675047
0.014801025
0.014829159
0.012694120
0.013207912
0.012978077
0.013322115
0.012781143
0.013761044
0.013257980
0.012759209
0.014607906
0.013311863
0.013601065
0.013277054
0.011888027
0.013385057
0.011503935
0.012807131
0.013923883
0.015000105
0.013578176
0.011434078
0.011494875
0.012378931
0.016102076
0.013720036
0.013229132
0.013489008
0.014049053
0.013684988
0.011832952
0.014351845
0.013550043
0.012199163
0.013001919
0.012183905
0.013095140
0.012278080
0.013986111
0.014322042
0.014786959
0.012212992
0.014137983
0.014536858
0.012290001
0.014266968
0.015882969
0.012572050
0.015323877
0.012776136
0.012753010
0.014887094
0.017677069
0.014776945
0.015239954
0.013326883
0.015537977
0.015393972
0.015370131
0.015922070
0.014740944
0.015723944
0.021383047
0.015882969
0.015830994
0.015887022
0.015748024
0.016227007
0.022935867
0.016937971
0.016695976
0.016489029
0.016238928
0.017717838
0.016945124
0.019376993
0.018125057
0.017270088
0.023782015
0.016958952
0.017452002
0.017960072
0.017812967
0.017394066
0.018085003
0.017616034
0.020673037
0.018609047
0.021401882
0.018340826
0.018162012
0.018580198
0.018435955
0.018332005
0.019190073
0.018468142
0.019356966
0.020501137
0.018820047
0.020311117
0.020322084
0.018860817
0.019803047
0.018885851
0.019155025
0.019294024
0.019664049
0.019323826
0.020132065
0.019758940
0.020220995
0.020009041
0.019773006
0.020303965
0.023586035
0.019953966
0.022195101
0.023305893
0.020477057
0.020431995
0.024113178
0.021021843
0.023569107
0.020564079
0.020714998
0.022910118
0.020482063
0.024425983
0.021065950
0.023654222
0.020951033
0.020709038
0.021001101
0.021113157
0.021285057
0.021344900
0.021155119
0.021322012
0.021120787
0.021201849
0.024207115
0.021131039
0.021559954
0.023077965
0.021167994
0.021539211
0.021472931
0.021263123
0.024445057
0.019929171
0.024746895
0.021211147
0.021745920
0.021444082
0.025919914
0.025871038
0.021937132
0.021420002
0.023617983
0.019510031
0.022618055
0.020336151
0.021955967
0.021455050
0.024552822
0.019365788
0.019989014
0.020686865
0.019533873
0.023897886
0.021628857
0.019777060
0.022078991
0.022773027
0.021584988
0.021770000
0.022751808
0.022444010
0.026448011
0.023112059
0.022789001
0.023000002
0.022006035
0.020787954
0.021919966
0.022101164
0.021516085
0.022963047
0.022037983
0.026239872
0.022101879
0.024753094
0.020567894
0.021096945
0.021950006
0.024644136
0.025478125
0.023586988
0.021250010
0.023398161
0.022460938
0.028416872
0.021806955
0.022356987
0.027863026
0.022030830
0.021980047
0.025370836
0.021224022
0.023580790
0.030102015
0.023309946
0.025832891
0.022403002
0.021402836
0.021915913
0.023642063
0.023823977
0.022768021
0.022458076
0.023815870
0.021764040
0.028293848
0.022115946
0.024840832
0.022859097
0.023211002
0.026853085
0.025287151
0.024023056
0.023817062
0.022422075
0.022551060
0.024453878
0.023317814
0.026160002
0.023061037
0.024125814
0.026770115
0.024122953
0.025820017
0.022316933
0.027410984
0.023310184
0.023251057
0.022587061
0.023406029
0.023581028
0.029936075
0.022957087
0.022599220
0.023110151
0.023427010
0.023043871
0.022948980
0.024487019
0.023240089
0.023154974
0.024262905
0.025031090
0.023113012
0.023401022
0.024441957
0.023478031
0.027856112
0.023777962
0.024085999
0.026973009
0.023974895
0.025011063
0.023346186
0.030797005
0.028464794
0.027132988
0.026561022
0.028804064
0.024720907
0.025005817
0.024214029
0.024446011
0.025768995
0.025643110
0.028557062
0.025465965
0.024466991
0.024665117
0.024212122
0.025383949
0.028273106
0.027073145
0.026316881
0.027287960
0.027534008
0.027380943
0.026407957
0.026057959
0.027912140
0.029338121
0.032067060
0.029829025
0.028033972
0.027424097
0.025007963
0.027658939
0.033454180
0.025183916
0.025664091
0.032351017
0.032731056
0.028187037
0.028135061
0.027348995
0.032994986
0.027776957
0.027822971
0.025491953
0.025639057
0.036823034
0.028522015
0.028056860
0.027993202
0.025619030
0.025848866
0.028882980
0.034300089
0.032382011
0.027769804
0.028414965
0.027440786
0.030883074
0.032382965
0.026419163
0.026049852
0.026121855
0.028851032
0.029337883
0.029727936
0.025982857
0.028184891
0.029306889
0.031620026
0.027148962
0.028777838
0.032091856
0.026520967
0.026571035
0.035281181
0.027722836
0.029494047
0.026432991
0.032083035
0.029218912
0.028267145
0.028630018
0.030125856
0.031576872
0.029124975
0.028241158
0.028493881
0.028638840
0.028896093
0.029696941
0.028702021
0.026690006
0.027915001
0.027064085
0.028146982
0.030679226
0.030392885
0.032621145
0.028684855
0.028717995
0.031375885
0.029210091
0.029445171
0.031038046
0.029326916
0.027821064
0.028698921
0.030322075
0.034940958
0.030378103
0.029043913
0.029860973
0.029603958
0.031078100
0.029747963
0.029783964
0.031903982
0.029883862
0.031706095
0.031177998
0.030068874
0.030709982
0.033384085
0.031007051
0.030469894
0.037122965
0.032171965
0.030771017
0.030789137
0.033455133
0.031352043
0.031112194
0.031604052
0.031344891
0.031756163
0.032602072
0.034942150
0.031905890
0.037450075
0.031973839
0.033334970
0.034388065
0.033663988
0.032935143
0.034661055
0.032841921
0.033395052
0.033416986
0.033773899
0.033483982
0.033931017
0.039711952
0.034262180
0.039459944
0.033718109
0.041543961
0.040319920
0.035578012
0.036245108
0.034296989
0.035641193
0.035029888
0.037010193
0.036605120
0.038798094
0.036232948
0.035171986
0.034650803
0.035093069
0.035831928
0.036084175
0.037505150
0.037951946
0.035999060
0.035676956
0.038177013
0.044775009
0.045248985
0.037455797
0.042695999
0.046529055
0.036027908
0.036533117
0.036671877
0.036344051
0.041194916
0.038048029
0.037153006
0.037138224
0.039083004
0.040187120
0.041625977
0.039446831
0.037790060
0.037708044
0.038776159
0.037670135
0.039138079
0.045807838
0.039935112
0.038719177
0.039136887
0.039023876
0.039229870
0.040875912
0.040231943
0.049550056
0.041669846
0.047420025
0.039015055
0.039300919
0.047460079
0.042320967
0.041757822
0.039371014
0.045125961
0.049744844
0.040710926
0.040441036
0.040764093
0.041265965
0.048039913
0.049974918
0.040570974
0.043946981
0.041269064
0.043705940
0.041304111
0.041700125
0.044435024
0.041283131
0.041248083
0.041507959
0.042602062
0.053247929
0.042145014
0.050131083
0.044975042
0.044108868
0.042282104
0.044456959
0.042626858
0.044255972
0.045291901
0.044517994
0.043601990
0.043468952
0.046029091
0.045849085
0.046802044
0.045568943
0.050678968
0.048958063
0.042926788
0.046646833
0.052299023
0.043946028
0.047511101
0.049384117
0.049257994
0.046241045
0.045306921
0.043251991
0.046412230
0.050286055
0.046065092
0.053903103
0.045844793
0.043686152
0.053843975
0.046351194
0.044684887
0.045842171
0.049340010
0.052158117
0.045775890
0.045248032
0.043617964
0.046948910
0.045953989
0.046267986
0.045278072
0.048018932
0.047276020
0.047627926
0.046623945
0.046069145
0.049801111
0.046300173
0.047493935
0.046692133
0.046118021
0.052708149
0.047286987
0.047412872
0.047365904
0.049026966
0.046989918
0.044192076
0.044569969
0.045665979
0.049061060
0.045356035
0.045094013
0.045084000
0.045910120
0.045702934
0.045296907
0.046863079
0.052778959
0.051356077
0.046074867
0.052702188
0.045342922
0.047563076
0.047750950
0.050200224
0.047245026
0.045225859
0.048872948
0.046720982
0.045609951
0.046171188
0.047853947
0.045086145
0.046569109
0.045258999
0.045083046
0.049067974
0.045243025
0.046622992
0.048407078
0.046623945
0.044965029
0.049710035
0.045600891
0.047508001
0.049280167
0.045766115
0.048394203
0.047611952
0.047964096
0.046024084
0.045303822
0.045001030
0.051028013
0.056188822
0.053935051
0.046111107
0.047547102
0.049141169
0.048223019
0.049590826
0.046489000
0.050663233
0.046414137
0.048141956
0.048655033
0.048922062
0.049374819
0.050819874
0.047748089
0.047919035
0.050787926
0.048042059
0.048585176
0.047876120
0.050402880
0.047971010
0.048470974
0.047367096
0.051135063
0.048261881
0.051928043
0.049772024
0.046916008
0.055901051
0.049432993
0.048347950
0.048185110
0.049415112
0.046916962
0.054673910
0.049724102
0.053148031
0.053776979
0.049819946
0.047187090
0.053308010
0.049721956
0.046579123
0.049458027
0.048697948
0.047167063
0.049746037
0.047300100
0.048117876
0.053546906
0.048047066
0.048190832
0.049960852
0.049780130
0.049300909
0.047900200
0.047506094
0.049279928
0.048485041
0.047739983
0.047311068
0.049986124
0.047522068
0.051460981
0.048365831
0.048371077
0.048167944
0.047864199
0.048260927
0.050758839
0.049947023
0.049892902
0.050724030
0.051216125
0.056864977
0.050491810
0.048907042
0.049956083
0.054739952
0.048731089
0.049638033
0.048821926
0.052000046
0.048695803
0.049312115
0.055273056
0.054414034
0.048691988
0.049491167
0.048953056
0.050081015
0.048808813
0.049297094
0.048779011
0.051094055
0.048951864
0.049207926
0.059532881
0.051285982
0.051494837
0.051393032
