0.000056982
0.000100136
0.000224829
0.000149012
0.000169992
0.000436068
0.000254869
0.000298023
0.000353098
0.000391006
0.000379086
0.000458956
0.000426054
0.000514030
0.000513077
0.000684977
0.000824928
0.000701904
0.000847101
0.000816107
0.000758171
0.001395941
0.000872850
0.002408981
0.000926971
0.002365112
0.002136946
0.001381874
0.001713991
0.001077890
0.002549887
0.001886845
0.001800060
0.002678156
0.001884937
0.002060890
0.001249075
0.001966000
0.001406908
0.002003193
0.002295017
0.002428055
0.001745224
0.001662970
0.001905918
0.001961946
0.002321959
0.002150059
0.002030134
0.001968145
0.002174139
0.002087831
0.002530098
0.002263069
0.002546072
0.002264023
0.002511978
0.002449989
0.002387047
0.003057003
0.002853870
0.002813816
0.003034115
0.002769947
0.002975941
0.002818108
0.003083944
0.003144026
0.002610207
0.003041029
0.003154039
0.003077030
0.003283978
0.003177881
0.003135920
0.002904177
0.003052950
0.003525019
0.002921104
0.003453016
0.003535986
0.003212929
0.003275871
0.003670931
0.003525019
0.003982782
0.003955126
0.003837109
0.003804922
0.003651857
0.003744841
0.003681183
0.003725052
0.003921986
0.004418135
0.004668951
0.004463196
0.004847050
0.004513979
0.004530907
0.005054951
0.004649878
0.004956007
0.004739046
0.004587889
0.004295111
0.004812002
0.005426884
0.005055904
0.004734039
0.005105972
0.005120039
0.005414009
0.004899979
0.004894018
0.005621910
0.005255938
0.005044937
0.005266905
0.005173922
0.005204201
0.005325079
0.004822016
0.005694866
0.004900932
0.004945993
0.005234003
0.005338907
0.005652905
0.005465984
0.005084038
0.005229950
0.005662918
0.005702972
0.008161068
0.005104065
0.005535126
0.005485058
0.005146027
0.005254030
0.005342960
0.005223036
0.005775928
0.005384207
0.005985022
0.005779982
0.005420208
0.005527020
0.005769014
0.005970955
0.005742073
0.005964994
0.005767107
0.006396055
0.006146908
0.009549141
0.006601095
0.006700993
0.006242037
0.007301092
0.006495953
0.006633043
0.006222010
0.006756783
0.006921053
0.006552219
0.007203817
0.006678820
0.006803989
0.007045031
0.007318020
0.007713079
0.009395123
0.008023977
0.007368088
0.007282019
0.008222103
0.008238792
0.008407116
0.008723021
0.008476973
0.008692026
0.008327007
0.008635044
0.008594036
0.007989883
0.009016991
0.008976936
0.009184122
0.008495808
0.008188009
0.009011030
0.009908915
0.009454012
0.009446859
0.009310007
0.008950949
0.008779049
0.010449886
0.010123014
0.011003017
0.009305954
0.009733915
0.010169983
0.010285854
0.010040045
0.009057999
0.009592056
0.009124994
0.009177923
0.010633945
0.010615110
0.010621071
0.009541035
0.009299040
0.009630203
0.009391069
0.010329962
0.010627985
0.010416985
0.010576010
0.010959148
0.009577036
0.010980129
0.010662079
0.010729074
0.010847807
0.011990070
0.009930849
0.010768175
0.009633064
0.009426117
0.011450052
0.010262966
0.009751081
0.009984970
0.010210991
0.013283968
0.011054993
0.011378050
0.011154890
0.011837959
0.011947155
0.011410952
0.010066986
0.011106014
0.011633873
0.009953976
0.010091782
0.011672020
0.011916876
0.017930031
0.011675119
0.011485100
0.010422945
0.010916948
0.010133982
0.011806011
0.010483980
0.012089014
0.012044907
0.013736963
0.013854027
0.010843992
0.010522127
0.010471821
0.012241125
0.012372017
0.013885975
0.012573957
0.012363911
0.012443066
0.012088060
0.014231920
0.013762951
0.012642145
0.010936022
0.010976076
0.011476994
0.012315989
0.012440920
0.011074066
0.011901855
0.011382818
0.011413097
0.010987043
0.011187077
0.011141062
0.013214827
0.013249159
0.013277054
0.012701035
0.012568951
0.011574030
0.013239145
0.011347055
0.013939142
0.011579990
0.011703968
0.011473894
0.011566877
0.012160063
0.011502981
0.011431932
0.011729956
0.011588097
0.012905836
0.013816833
0.011979103
0.012025118
0.011687040
0.011732817
0.011887074
0.012449980
0.013767004
0.011955976
0.012018919
0.013849974
0.012747049
0.012224197
0.013194084
0.011988163
0.012169123
0.012103081
0.012627125
0.012230873
0.012470961
0.012584925
0.012794971
0.012824059
0.013233185
0.013389111
0.015218019
0.016040802
0.015156031
0.013570070
0.013246059
0.014627934
0.013771057
0.016499996
0.016113043
0.016645908
0.014322996
0.016263008
0.015418053
0.014098883
0.017776012
0.017105818
0.019335985
0.016344070
0.015424013
0.015416145
0.016779184
0.016809940
0.014768839
0.014935970
0.016250849
0.017318964
0.017554998
0.019988060
0.018121004
0.015152931
0.015778065
0.017400026
0.020497084
0.018121004
0.017574072
0.018941879
0.016499043
0.018393993
0.018435955
0.016268015
0.016215086
0.016744137
0.016551018
0.016376019
0.018206835
0.016753912
0.019351006
0.016967058
0.017143965
0.017184019
0.018463135
0.017180920
0.017718077
0.018240929
0.017352104
0.017449856
0.021386147
0.017438889
0.018095970
0.019400120
0.019308090
0.017805099
0.021445036
0.019744158
0.023357153
0.020925045
0.022871971
0.018651009
0.021054029
0.021716118
0.019700050
0.018237114
0.020807981
0.019576073
0.020309925
0.021133184
0.018420219
0.018451929
0.018401861
0.018532038
0.018471956
0.021349907
0.021955013
0.023447990
0.027586937
0.025274992
0.025107145
0.018788099
0.020948887
0.021029949
0.019785166
0.023682117
0.019207001
0.019273996
0.021459818
0.018827915
0.021570921
0.021535873
0.020982981
0.021411896
0.021683931
0.023643970
0.021759033
0.021513939
0.022851944
0.021793842
0.021895170
0.021277905
0.024676085
0.024791002
0.029103994
0.022257090
0.022187948
0.026435852
0.022070885
0.020324945
0.025324106
0.020718098
0.022471189
0.022898912
0.022185802
0.022737026
0.022335052
0.027100086
0.020778894
0.023163080
0.022809029
0.027109146
0.027173996
0.023653030
0.022889853
0.022835016
0.021533012
0.023098946
0.024909019
0.023121834
0.023258924
0.026787043
0.022480965
0.022465944
0.022704124
0.023113012
0.024725914
0.030388832
0.020921946
0.023152113
0.020673037
0.028048038
0.021425962
0.020991087
0.024081945
0.029394150
0.023971081
0.026375055
0.023576021
0.023998976
0.023856878
0.025499105
0.022418022
0.028964996
0.023211002
0.026175022
0.022571087
0.022030115
0.024173021
0.024193048
0.022333145
0.021816969
0.021469116
0.021507025
0.021718979
0.021950006
0.022097826
0.024616003
0.025074959
0.023043871
0.029082775
0.024913073
0.024117947
0.024642944
0.022161007
0.024332047
0.022576094
0.023046970
0.022701025
0.030239105
0.025368929
0.025222063
0.025398970
0.024877071
0.022511959
0.022327900
0.023252010
0.022969961
0.027399063
0.023112059
0.023702860
0.027449131
0.023208857
0.023302078
0.023071051
0.025994062
0.026270151
0.023273945
0.027620077
0.023734093
0.024153948
0.023291111
0.023394108
0.026253939
0.023105860
0.029793024
0.026959181
0.026820183
0.026868105
0.030449152
0.023823977
0.027038097
0.030074835
0.023962021
0.025139093
0.026854038
0.025931120
0.026353121
0.024531126
0.033545971
0.024384022
0.027292967
0.025730133
0.024468899
0.024510860
0.024290085
0.034651041
0.024096966
0.031524897
0.027306080
0.027100086
0.024364948
0.024910927
0.025233984
0.024646044
0.027854919
0.033169985
0.031886101
0.025656939
0.028028011
0.028071165
0.024904013
0.029964924
0.027806997
0.026792049
0.025061846
0.027627945
0.025202990
0.025112152
0.025392056
0.025319099
0.027184010
0.028169155
0.031849146
0.025544167
0.030012846
0.028686047
0.028604031
0.028450966
0.029173851
0.027371883
0.027117014
0.026124954
0.026654959
0.030104160
0.033002853
0.026335955
0.034519196
0.025735140
0.026551008
0.026609898
0.026121140
0.026366949
0.026026964
0.026429176
0.029412985
0.035032034
0.029270887
0.031645060
0.026201010
0.026402950
0.026313066
0.026194811
0.029805899
0.026223898
0.032462835
0.026351929
0.028139114
0.029198885
0.030026913
0.027057171
0.027891874
0.027106047
0.030146837
0.030091047
0.029085875
0.029477835
0.030612946
0.028979063
0.029386044
0.026967049
0.032086134
0.028721094
0.031089067
0.029341936
0.027158022
0.027384996
0.027229071
0.027158022
0.032429934
0.027644873
0.030893087
0.029211998
0.030267000
0.030046225
0.036576033
0.029994011
0.030048847
0.033262968
0.028531790
0.030976057
0.036039114
0.031876087
0.031839132
0.029395103
0.030933142
0.032275915
0.031177044
0.029834986
0.038924932
0.033190966
0.031356812
0.031179190
0.033024073
0.032872915
0.030426979
0.030456066
0.030523062
0.035843849
0.042508125
0.033267975
0.033704996
0.031100988
0.037893772
0.035495043
0.034787178
0.031273842
0.031563997
0.031615973
0.034692049
0.032320976
0.032562017
0.033047915
0.035606146
0.034250021
0.035879135
0.036018848
0.034541845
0.038216114
0.034872055
0.034776211
0.035854101
0.041411161
0.035354853
0.033727884
0.037210941
0.035794973
0.036544085
0.033884048
0.033612013
0.033765078
0.033921957
0.039153099
0.036774158
0.039265156
0.036892891
0.045028210
0.037175894
0.037615061
0.037687063
0.041895866
0.036382914
0.037483931
0.035904169
0.035582066
0.037976980
0.035891056
0.037292004
0.041145086
0.035610914
0.036210060
0.038649082
0.042507887
0.041072845
0.038391113
0.036529064
0.039944887
0.039527178
0.039388180
0.039600134
0.038234949
0.037822962
0.037755013
0.040498018
0.043673992
0.037555933
0.041023016
0.040372133
0.037647009
0.045196056
0.039528847
0.042907000
0.038228989
0.043933153
0.045917988
0.039053917
0.041141033
0.046675920
0.042575121
0.042572021
0.040182829
0.040616989
0.039574862
0.039215088
0.042529106
0.039429903
0.039783001
0.039280891
0.047099113
0.041445971
0.040142059
0.039851904
0.039975882
0.040444136
0.041383982
0.040210962
0.041450977
0.043027163
0.041299105
0.042024136
0.043863058
0.041754007
0.043195963
0.041757107
0.043669939
0.040992975
0.043977022
0.043808937
0.043205976
0.049094200
0.050421000
0.043536901
0.043366909
0.045197010
0.051465034
0.042911053
0.044848919
0.049802780
0.049424887
0.043947935
0.042865992
0.054049015
0.045025110
0.048111916
0.045577049
0.044356108
0.044356108
0.054656029
0.046031952
0.045288086
0.047578096
0.047224045
0.047240973
0.051992893
0.051234007
0.043191910
0.045748949
0.044834137
0.043061018
0.048964024
0.042872906
0.043656111
0.046985149
0.043017864
0.045526981
0.042582989
0.045874834
0.046486855
0.045753002
0.046486855
0.043766022
0.046900988
0.046584129
0.044120073
0.047494173
0.046837807
0.048822880
0.046020985
0.046127081
0.046116114
0.048392057
0.053740025
0.052261829
0.047171116
0.047091007
0.050303936
0.046509027
0.047710896
0.045706987
0.044885874
0.058357954
0.046278000
0.044265985
0.047364950
0.047145128
0.046800137
0.047759056
0.053140879
0.050567865
0.054387093
0.047876120
0.047764063
0.046134949
0.046116829
0.044327974
0.045699120
0.046878099
0.052708864
0.058536053
0.045365095
0.047255993
0.045389891
0.046086073
0.045723915
0.047782183
0.046755075
0.045541048
0.052233934
0.045236111
0.044968128
0.047775030
0.049480915
0.046900034
0.046412945
0.046105862
0.046205044
0.050508022
0.045439005
0.048365116
0.046339035
0.048954010
0.048484087
0.048219919
0.053155184
0.055793047
0.045714855
0.047170877
0.046781063
0.047093868
0.052721024
0.045387983
0.047071934
0.048953056
0.047542095
0.045802116
0.046216011
0.045735836
0.048835993
0.046430111
0.047902107
0.046066999
0.045919895
0.054225922
0.047086954
0.045681953
0.047909975
0.047223091
0.046234846
0.047544956
0.045578957
0.049532890
0.049286127
0.046694040
0.047475100
0.049005985
0.060092926
0.046540976
0.046457052
0.047333002
0.049064875
0.048695087
0.046616077
0.046311140
0.046614885
0.048721790
0.049674034
0.046432972
0.050405025
0.047044039
0.048953056
0.050128937
0.050577164
0.054290771
0.046902895
0.048265934
0.050006866
0.047651052
0.049557209
0.048512936
0.049489975
0.055656910
0.048158884
0.048269987
0.048159122
0.056339979
0.048977852
0.047874928
0.050860882
0.050529957
0.048886061
0.055148125
0.047513008
0.050022125
0.048818827
0.049313068
0.053681850
0.048954964
0.050579071
0.049327850
0.049800873
0.050715923
0.055027008
0.047519922
0.048390150
0.047685146
0.053379059
0.050712824
0.051282883
0.051002979
0.056338787
0.047662020
0.054389000
0.051089048
0.052333832
0.049520016
0.049611092
0.047978878
0.049586058
0.059212923
0.051446915
0.050524950
0.051476955
0.048809052
0.053068876
0.049186945
0.051267862
0.048590899
0.049556017
0.050091028
0.052061081
0.048469067
0.048368216
