0.000154972
0.000095129
0.000144005
0.000254154
0.000186205
0.000269890
0.000277996
0.000322819
0.000316858
0.000370979
0.000388861
0.000508070
0.000669003
0.000499010
0.000885963
0.000689030
0.000578165
0.000648975
0.000627995
0.000803947
0.000726938
0.001172066
0.000859022
0.001322031
0.001363993
0.000979900
0.000958920
0.001484156
0.001341105
0.001040936
0.001180887
0.001439810
0.001571178
0.001210928
0.001183033
0.001296043
0.001401901
0.001394987
0.001929998
0.001387119
0.001446962
0.001497030
0.001574993
0.001623154
0.003296852
0.002274036
0.001849174
0.001997948
0.001960039
0.002650023
0.002297878
0.002841949
0.002095938
0.002589941
0.002156973
0.002208948
0.002960205
0.002415180
0.003116131
0.002646923
0.002377033
0.002423048
0.002734184
0.002617836
0.002533913
0.002692938
0.002617121
0.002958059
0.002640009
0.002620935
0.002578020
0.002914906
0.002746105
0.002784014
0.002901077
0.003019094
0.003093958
0.003079891
0.003020048
0.003012896
0.003612995
0.003025055
0.003719807
0.003584146
0.003260136
0.003371954
0.003470898
0.004210949
0.003867149
0.004191875
0.003822088
0.003806829
0.003936768
0.003839970
0.003877163
0.004471064
0.004124880
0.004235029
0.004170895
0.004238129
0.004086018
0.004839182
0.004777908
0.004338026
0.004961014
0.004451036
0.005005121
0.004715204
0.004420042
0.004699945
0.004473925
0.005414963
0.004439116
0.005036831
0.004658937
0.005477905
0.005075932
0.005407095
0.004894018
0.004759073
0.004956007
0.004821062
0.004901886
0.004829884
0.005118847
0.007667065
0.005357027
0.005303860
0.005032063
0.005374908
0.005076885
0.005155087
0.005183220
0.005532026
0.005095005
0.005811930
0.005084038
0.005496979
0.005541801
0.005581141
0.005493879
0.005274057
0.005465984
0.005814075
0.011828899
0.005481005
0.005626917
0.006653070
0.005753994
0.005753994
0.006185055
0.005855083
0.006366968
0.005990028
0.005994081
0.006000996
0.006046057
0.006940842
0.006470919
0.006441116
0.006223202
0.006128788
0.006268978
0.006484032
0.006633997
0.007372856
0.007067919
0.007219076
0.007324934
0.006770134
0.006909132
0.007426023
0.007003069
0.007586002
0.007511139
0.007393837
0.007594824
0.008034945
0.007811785
0.014517069
0.007851124
0.007771969
0.007647991
0.007908106
0.008347988
0.008002043
0.008151054
0.008110046
0.008321047
0.008244991
0.008736134
0.008635998
0.008754969
0.008987188
0.008530140
0.008960009
0.008744001
0.008804083
0.009252071
0.009079933
0.008974075
0.009066105
0.009135962
0.016664028
0.009156942
0.010320187
0.009350061
0.010019064
0.009655952
0.010546923
0.010542154
0.016832113
0.009341002
0.009616852
0.009428978
0.010213137
0.009414911
0.009796858
0.009455919
0.009910107
0.009578943
0.009916067
0.009526014
0.009469986
0.009691954
0.009584904
0.009867907
0.009943962
0.009724855
0.009619951
0.009991169
0.009594202
0.009912968
0.009763956
0.010318995
0.012115955
0.010048866
0.010535955
0.010211945
0.010100126
0.010578871
0.010256052
0.010618925
0.010928869
0.010217905
0.010308981
0.010350943
0.010417938
0.010215044
0.010183096
0.011765003
0.010470152
0.010341167
0.010616064
0.010598898
0.013144970
0.010723829
0.010832071
0.010445833
0.010837078
0.010633945
0.010523081
0.010654211
0.010820866
0.011229038
0.010680914
0.011142969
0.011042833
0.010914803
0.010904074
0.010905981
0.011067152
0.012923002
0.011192083
0.011179924
0.011353970
0.011147976
0.011086941
0.010945082
0.011175871
0.011023045
0.011546850
0.011775970
0.011168957
0.011309862
0.011811972
0.011381865
0.011464119
0.011378050
0.012020826
0.011461020
0.011911869
0.011535168
0.011559963
0.012103081
0.011494160
0.011461020
0.011884928
0.012466908
0.012023211
0.012348890
0.011711121
0.011651993
0.013851881
0.012017965
0.011785984
0.012094021
0.011988163
0.011632919
0.012084007
0.011924028
0.012333870
0.012413025
0.012188911
0.012351990
0.012195826
0.012014151
0.013806820
0.012463093
0.012349844
0.014736891
0.012328148
0.014261961
0.012176037
0.012723207
0.014465094
0.012930155
0.012820959
0.013114929
0.013226986
0.013322830
0.013391972
0.015231133
0.014226913
0.013674021
0.013937950
0.013638020
0.015620947
0.013570070
0.013807058
0.014090061
0.013872147
0.014146090
0.013950109
0.014227152
0.014447927
0.014307976
0.015250921
0.014704943
0.014644861
0.014929056
0.016514063
0.015298128
0.014758110
0.015208960
0.016644955
0.015285015
0.015538931
0.015599966
0.015884876
0.015846014
0.015704870
0.015817881
0.015652895
0.016024113
0.016567945
0.016087055
0.016371965
0.016465187
0.016437054
0.017076015
0.016486883
0.016687870
0.017045021
0.016873837
0.017071962
0.016657114
0.016952038
0.017024994
0.017266989
0.019830942
0.017184019
0.017459869
0.017718792
0.019284964
0.017888069
0.017982960
0.018231153
0.017925978
0.017959833
0.025566816
0.017771006
0.018099070
0.018146038
0.018621206
0.018168211
0.018522024
0.018836021
0.018867016
0.018980980
0.018771887
0.019048929
0.020133972
0.018599987
0.018308163
0.018974066
0.018740892
0.018975019
0.023040056
0.019087076
0.018877983
0.020120859
0.020417929
0.019484043
0.019005060
0.019108057
0.019876957
0.019478083
0.019271135
0.019115925
0.020285130
0.019342899
0.019561052
0.019497871
0.019484043
0.019426107
0.019358158
0.019380808
0.019407034
0.019529104
0.019679070
0.019453049
0.019711971
0.019389868
0.019204140
0.019726992
0.019649029
0.020097017
0.019778967
0.019677162
0.019847155
0.019706011
0.019850969
0.019670010
0.020111084
0.019885063
0.020427942
0.020226002
0.020064116
0.020549059
0.020200968
0.020386219
0.020292044
0.020215034
0.020216942
0.020266056
0.020547867
0.020692110
0.020986080
0.031229973
0.020907164
0.021168947
0.021180868
0.022997141
0.020967007
0.021337032
0.020784140
0.020582199
0.020940065
0.022952795
0.022502899
0.021010876
0.021684170
0.021524906
0.020982027
0.020943165
0.025511980
0.020946980
0.021162987
0.024039030
0.021654129
0.021536112
0.021464109
0.022270918
0.021821976
0.021147013
0.021947861
0.022361994
0.021784067
0.022763968
0.021797895
0.021950006
0.021998882
0.022171974
0.021869898
0.022094965
0.032152891
0.022127151
0.021826982
0.024981022
0.022190094
0.022578955
0.022738934
0.022267818
0.022458076
0.022907972
0.022490978
0.022773981
0.024595022
0.022876024
0.023610115
0.023030996
0.022576094
0.022758961
0.023236036
0.023525953
0.022782803
0.022760153
0.027466059
0.023616076
0.023232937
0.023128033
0.024642944
0.029813051
0.023530006
0.024825811
0.024214983
0.026770115
0.027771950
0.023757935
0.023607016
0.023483992
0.023437977
0.023457050
0.023859978
0.026626110
0.026993990
0.024313927
0.023387909
0.028815031
0.026200056
0.024064064
0.026257992
0.029249191
0.027413845
0.026508808
0.026847124
0.024296045
0.024641037
0.029915810
0.024091959
0.024563074
0.024620056
0.025184870
0.031749964
0.024852991
0.025022030
0.025247097
0.024839878
0.037472010
0.024613142
0.024723053
0.024719000
0.025229216
0.025350809
0.025094986
0.028279066
0.026826859
0.026637077
0.025605917
0.024625063
0.025376081
0.025613070
0.025249958
0.026345968
0.025120974
0.030942202
0.024795055
0.025511026
0.030215979
0.027105093
0.025428057
0.028589010
0.025312901
0.025584936
0.027473211
0.025362968
0.025659084
0.028453112
0.025861025
0.026086092
0.025746822
0.026383877
0.026843071
0.026478052
0.026474953
0.029097080
0.028053045
0.029318094
0.028820992
0.029148817
0.034002781
0.029631853
0.029346228
0.030395985
0.027184010
0.029720068
0.030241013
0.029572010
0.029239893
0.029944897
0.041640997
0.026353121
0.028427124
0.028910875
0.027014017
0.030299902
0.026992083
0.030164957
0.026633024
0.029127121
0.030737877
0.029438972
0.029088974
0.030160904
0.029356956
0.029936790
0.030509949
0.030018091
0.027169943
0.027408838
0.027569056
0.027756929
0.030053854
0.027776957
0.031100988
0.029479980
0.027355909
0.027691126
0.027534008
0.028499842
0.030795097
0.027790070
0.040251017
0.027786016
0.028665066
0.030303001
0.029293060
0.028009892
0.027997971
0.027812004
0.028040886
0.030907154
0.029156923
0.030548096
0.031904936
0.029816866
0.031807899
0.032148123
0.032278061
0.035510063
0.032960892
0.033073902
0.033380985
0.029716969
0.029805899
0.033092976
0.030475140
0.033415079
0.034110069
0.033757925
0.033769846
0.033641100
0.034031153
0.034637928
0.034744978
0.034122944
0.034641027
0.038964987
0.034997940
0.034845829
0.034627914
0.043228149
0.040497065
0.035623074
0.034907103
0.035811186
0.036046982
0.035459042
0.034209013
0.036572218
0.036468983
0.036627054
0.036761999
0.036089897
0.036438942
0.036582947
0.037091970
0.036942005
0.037446976
0.036974907
0.036609173
0.033617973
0.037038088
0.037366867
0.037617922
0.037680149
0.038253069
0.036163092
0.037754059
0.037498951
0.050204039
0.036993027
0.037941933
0.035059929
0.050904989
0.037064075
0.039390087
0.038131952
0.048436165
0.039416790
0.039803982
0.036653996
0.045686007
0.039535046
0.040210962
0.039659977
0.041566133
0.039761066
0.041536093
0.039621830
0.052672863
0.040262938
0.040478945
0.040205956
0.055080891
0.040127993
0.041215897
0.040596962
0.038978100
0.038003922
0.041218042
0.041467905
0.047955036
0.038387060
0.038352966
0.044600010
0.039910078
0.042622089
0.041591883
0.042239189
0.042176962
0.042972088
0.041326046
0.042331934
0.042441845
0.044669867
0.042153120
0.050240040
0.042088985
0.044594049
0.044363022
0.042529821
0.041093111
0.043335915
0.044322014
0.043473005
0.043930054
0.043608189
0.043029070
0.045704842
0.041110992
0.044644117
0.044320822
0.045343161
0.044845104
0.045022964
0.044717789
0.044961929
0.046319962
0.045479059
0.061626911
0.041960955
0.042479038
0.042476892
0.045356035
0.045069933
0.043941021
0.043190956
0.045612097
0.046514034
0.046582937
0.047080040
0.046144962
0.046729088
0.045977116
0.046773195
0.047122002
0.047293901
0.046184063
0.053133965
0.048953056
0.048646927
0.043390989
0.044269085
0.047319889
0.046309948
0.046860933
0.046261072
0.047534943
0.047191143
0.047412872
0.046432972
0.047559023
0.046983957
0.048123837
0.046663046
0.047379017
0.047233105
0.046920776
0.047370911
0.047115088
0.048069954
0.047404051
0.048480034
0.048096895
0.047156811
0.048105955
0.047985077
0.055048943
0.047599077
0.047069073
0.058514118
0.047042847
0.048303127
0.047790051
0.048301935
0.047764063
0.048624039
0.054509163
0.049067974
0.048702002
0.048082113
0.049073935
0.047828913
0.048996925
0.048012018
0.048376799
0.045517921
0.048235893
0.048918009
0.049723864
0.045425892
0.048324108
0.049325943
0.049308062
0.055711031
0.045783997
0.048212051
0.049373150
0.055385828
0.048713207
0.049643040
0.047167063
0.045737028
0.049664021
0.049721003
0.048061132
0.049729109
0.049145937
0.049078941
0.049494028
0.049588203
0.058417082
0.048474789
0.050382853
0.050067186
0.050595999
0.049876928
0.050009966
0.048554182
0.046924114
0.049130201
0.058092833
0.049046993
0.049952030
0.049507141
0.050724983
0.049093962
0.049539804
0.047404051
0.046864986
0.046509027
0.048299074
0.050557852
0.050534964
0.050574064
0.049247980
0.049225807
0.049782038
0.050163984
0.050391912
0.048907042
0.049118996
0.050944090
0.060336828
0.046504021
0.050956964
0.047612906
0.046885967
0.049359083
0.050696135
0.049671173
0.051199913
0.050949097
0.050282001
0.051084995
0.055326939
0.050529003
0.047044992
0.050611973
0.054931879
0.050719023
0.052150965
0.057193995
0.052095175
0.051119089
0.051842928
0.047935009
0.050631046
0.052576065
0.051040888
0.050262928
0.050625086
0.050791979
0.048717022
0.048339128
0.050891161
0.049149036
0.050880909
0.050207138
0.049325943
0.051464796
0.052005053
0.052108049
0.048734903
0.048702002
0.048470974
0.049548864
0.062431812
0.051548004
0.049115896
0.050144911
0.051406145
0.051485062
0.051142931
0.051958084
0.048411131
0.049327850
0.050132036
0.052310944
0.050873995
0.050747871
0.049417019
0.049177885
0.053353786
0.049223900
0.052083969
0.052606821
0.053734064
0.051639080
0.061012030
0.053686857
0.052669048
0.061848879
0.053257942
0.051470995
0.050511122
0.049405098
0.049333811
0.052980900
0.050456047
0.049598932
0.062792063
0.049582005
0.051550865
0.061271906
0.050961971
0.052248001
0.052000999
0.053524017
0.052505016
0.053761959
0.050177097
0.052952051
0.053668976
0.052196980
0.049703836
0.052602053
0.050958872
