0.000226021
0.000119925
0.000129938
0.000138998
0.000174999
0.000299931
0.000264168
0.000266075
0.000284910
0.000319004
0.000387907
0.000410080
0.000498056
0.000478983
0.001103878
0.000698090
0.000569105
0.000709772
0.000640154
0.000660181
0.000739813
0.000838995
0.000934839
0.001089096
0.001502037
0.001091003
0.000996828
0.001418114
0.001436949
0.001142025
0.001247883
0.001108885
0.001222134
0.001177073
0.001350880
0.001338005
0.001598120
0.001302004
0.001585007
0.001352072
0.001626015
0.001909971
0.001855135
0.001671076
0.001681089
0.001796007
0.002136946
0.001909018
0.002037048
0.002089977
0.002375841
0.002029896
0.002125978
0.002089977
0.002195835
0.002743959
0.002823830
0.002302885
0.002369881
0.002879143
0.002410889
0.002403975
0.002447128
0.003099918
0.002504110
0.002723932
0.003076077
0.002640963
0.002998114
0.002654076
0.002629042
0.003149033
0.002743959
0.002747059
0.002768993
0.003184795
0.003522158
0.003026009
0.002943993
0.002906084
0.003017187
0.003213882
0.003350019
0.003642797
0.004190922
0.003375053
0.003720045
0.003515959
0.003957987
0.003614902
0.003627062
0.004617214
0.003967047
0.004055977
0.003855944
0.004575014
0.004098892
0.004089117
0.004209042
0.004379034
0.004489899
0.004183054
0.005042076
0.004457951
0.004693985
0.004576921
0.004343987
0.004395962
0.004992008
0.004503012
0.004467010
0.004441023
0.004484892
0.004680872
0.004583120
0.005248070
0.005319118
0.004760027
0.004770041
0.005191803
0.004918098
0.004845142
0.004843950
0.004908085
0.005115986
0.004961014
0.004879951
0.005129099
0.004982948
0.005665064
0.005032063
0.005151987
0.005398989
0.005668163
0.005303860
0.005263090
0.005650997
0.005372047
0.005164146
0.005288839
0.005547047
0.005275965
0.005697966
0.005427122
0.006154060
0.006013870
0.006052971
0.006172895
0.006239891
0.005639076
0.005825996
0.005810976
0.007718086
0.005959034
0.006066084
0.006599903
0.011230946
0.006004810
0.006811857
0.006057024
0.006332159
0.006269932
0.006752968
0.006490946
0.006755829
0.006748199
0.007453918
0.007251978
0.006876945
0.006829977
0.007928848
0.007240057
0.007353783
0.007258177
0.007216930
0.007254124
0.007561922
0.008254051
0.009301901
0.007560968
0.008605957
0.007830858
0.009157896
0.008936882
0.008718967
0.008110046
0.009288788
0.008226156
0.008247852
0.008347988
0.008214951
0.008493900
0.009333849
0.009570837
0.008609056
0.010282993
0.009784937
0.009270906
0.008880854
0.009437084
0.010179996
0.012315989
0.010108948
0.010450840
0.010476828
0.009150028
0.010672808
0.009185076
0.010493994
0.010019064
0.010305882
0.009743929
0.009364843
0.009363890
0.009356976
0.009449005
0.010739088
0.009532213
0.009673119
0.010939121
0.009498119
0.010091066
0.010747910
0.018068075
0.010952950
0.010986090
0.010916948
0.009744883
0.011229992
0.012975931
0.010934114
0.011115074
0.009666920
0.010429144
0.011323214
0.010405064
0.011805058
0.009983063
0.011610985
0.009997129
0.011767864
0.010623932
0.011282921
0.010219097
0.011432171
0.011387110
0.011533022
0.011834145
0.011684895
0.010290146
0.012053967
0.012011051
0.012029886
0.011828184
0.011816978
0.012022018
0.011698961
0.012556076
0.012054920
0.012244940
0.012210131
0.010657072
0.012801886
0.010761976
0.012264013
0.012189865
0.012392044
0.012574196
0.012845993
0.012727976
0.012698889
0.012621880
0.012940884
0.012612104
0.012475967
0.011948109
0.012951851
0.012362003
0.010968924
0.011535883
0.012775898
0.012891054
0.012912989
0.015012026
0.012217999
0.012264013
0.012820959
0.013020039
0.012075186
0.012001991
0.011502981
0.011677027
0.012230873
0.011802912
0.013361216
0.013035059
0.012458086
0.013370037
0.013374090
0.012606144
0.012046099
0.011738062
0.013420105
0.013185024
0.013953924
0.013595104
0.013490915
0.013206959
0.013684988
0.013812065
0.012160063
0.013859034
0.011973143
0.013247967
0.012090921
0.014021873
0.018142939
0.013917923
0.012063980
0.013088942
0.014299154
0.012440920
0.013563156
0.014556885
0.012369156
0.012511015
0.012508869
0.014637947
0.014639139
0.013645887
0.014914989
0.015081167
0.013222933
0.015595913
0.013742924
0.014252901
0.013602972
0.013725996
0.015128851
0.013762951
0.013917208
0.016284943
0.016676903
0.014029980
0.014370918
0.014837027
0.014313936
0.020684004
0.015716076
0.014636993
0.015422821
0.016297817
0.016639948
0.015196085
0.014939070
0.015275955
0.015048981
0.015470028
0.017565012
0.016554117
0.015588045
0.015738010
0.015927076
0.015585899
0.016107798
0.015960932
0.016277075
0.016214132
0.016207933
0.017011881
0.016735077
0.016490936
0.016860008
0.017393112
0.018462896
0.019212961
0.024307013
0.017158031
0.017328024
0.017478943
0.017357111
0.016984940
0.017600060
0.018259048
0.018427849
0.019255161
0.017791986
0.018244028
0.017921925
0.018661976
0.018252850
0.017979860
0.018260002
0.018567085
0.018530846
0.018393993
0.019147873
0.019534111
0.018412113
0.018583059
0.018954992
0.018438816
0.018477917
0.018893957
0.021538019
0.018851042
0.018797159
0.019366980
0.022689104
0.019234896
0.020306110
0.019603968
0.019331217
0.018842936
0.018991947
0.018956900
0.019397020
0.018885136
0.019072056
0.019276142
0.019652128
0.019340992
0.021217823
0.019439936
0.033360004
0.018898010
0.019711018
0.019334078
0.021364927
0.019679070
0.022600174
0.020525932
0.022066116
0.020068884
0.019733906
0.019569874
0.019579887
0.023549795
0.019546032
0.025871992
0.019829988
0.019724131
0.019850969
0.019730091
0.022743940
0.022986889
0.022689104
0.023575068
0.022004128
0.021661997
0.020066023
0.019879818
0.020220995
0.023077011
0.020015001
0.021399975
0.026631117
0.020703077
0.023293018
0.023503065
0.020411015
0.021424055
0.020951033
0.023455143
0.020907879
0.020689011
0.021033049
0.024350882
0.021588802
0.022292137
0.021214008
0.024142027
0.021145821
0.021170855
0.021193981
0.021866083
0.023268938
0.024698019
0.024034977
0.021517992
0.022493124
0.024584055
0.024194956
0.021289110
0.021656990
0.023864985
0.022198915
0.022202015
0.022186995
0.024374008
0.021830082
0.021438122
0.021998882
0.025006056
0.022273064
0.036116123
0.022087812
0.024535894
0.022276163
0.025238037
0.034320831
0.023761988
0.025052071
0.025295973
0.023668051
0.023097038
0.023666143
0.022478104
0.025058985
0.027671814
0.023401976
0.022865057
0.024832010
0.025112152
0.025452852
0.023566008
0.027427912
0.022838116
0.025820971
0.026002884
0.024874926
0.025799990
0.024945974
0.025355816
0.033166885
0.026255131
0.026381016
0.026571989
0.025856018
0.026748896
0.026842117
0.026450872
0.024279833
0.026210070
0.023136139
0.025436878
0.026576042
0.025429964
0.025617838
0.024801970
0.028216124
0.024497032
0.026952982
0.026552916
0.029114962
0.026464939
0.025872946
0.024269104
0.030792952
0.024518013
0.027497053
0.027739048
0.027691841
0.026722908
0.027852058
0.027976990
0.027374029
0.027322054
0.027032137
0.026608944
0.027035952
0.025262117
0.025171041
0.027446032
0.024451017
0.026610136
0.027027130
0.028218031
0.036382198
0.027683973
0.027889967
0.025686979
0.027893066
0.027467966
0.027864933
0.027785778
0.028773785
0.026606083
0.027719021
0.027035952
0.027440071
0.028204918
0.029529095
0.028552055
0.029633045
0.028527975
0.028383970
0.028953075
0.027994156
0.028681040
0.028738022
0.027656078
0.029157877
0.026726961
0.028882027
0.025945902
0.029601097
0.029586077
0.029530048
0.026009083
0.030260801
0.026181221
0.026324987
0.029560089
0.035326958
0.026548147
0.027047873
0.026505947
0.029757023
0.026206017
0.027823925
0.029825926
0.030227900
0.030555964
0.027693033
0.030086994
0.026880980
0.027012110
0.027618885
0.028717995
0.026675940
0.026866198
0.029567003
0.030061960
0.027163982
0.035367966
0.030223131
0.033298016
0.030874014
0.027390957
0.027272940
0.030718088
0.030098915
0.030105114
0.031273842
0.027508020
0.031121969
0.035922050
0.037283897
0.031096935
0.028088093
0.031041861
0.033788919
0.027670145
0.029539824
0.027822018
0.039275169
0.030400991
0.030970097
0.031050920
0.028111935
0.029309988
0.028650045
0.031678915
0.029432058
0.030086040
0.032015085
0.032495975
0.028836012
0.032814980
0.032477856
0.032512903
0.031940937
0.032699108
0.032541990
0.033357859
0.030939817
0.032145977
0.032657146
0.031219006
0.033676863
0.034431934
0.031325102
0.030963898
0.033735991
0.031243086
0.034667969
0.034277916
0.031611919
0.034486055
0.034507990
0.034862041
0.039754868
0.034298182
0.034589052
0.035424948
0.038995981
0.034139156
0.035534143
0.034677982
0.041141033
0.035987854
0.035657167
0.038027048
0.036121845
0.035804033
0.036112070
0.036678076
0.036811113
0.035130024
0.037341833
0.036008835
0.035944939
0.034590006
0.036873102
0.036370039
0.036626816
0.036614895
0.036659956
0.037588835
0.037820816
0.039048195
0.037655115
0.048584223
0.037636042
0.038385153
0.038632154
0.036581039
0.038035154
0.043130875
0.045202971
0.039404869
0.039195061
0.039231062
0.038717985
0.038593054
0.039186001
0.039196968
0.039030790
0.039451122
0.037906885
0.039403915
0.038295984
0.039308071
0.040225983
0.039470911
0.040465117
0.040226936
0.041747093
0.039850950
0.040830135
0.041246891
0.040383101
0.041136026
0.040112019
0.041868925
0.041115999
0.055529118
0.040984869
0.042611122
0.042284012
0.042037010
0.043053150
0.041858912
0.045846224
0.039397955
0.040938139
0.042124987
0.042995930
0.041036129
0.042833805
0.043019056
0.041538954
0.043564081
0.044019938
0.042942047
0.040897131
0.041315079
0.041682959
0.049880981
0.044456005
0.045081854
0.044382095
0.044594049
0.041241169
0.044183016
0.045192003
0.042190790
0.042587042
0.042806864
0.041782856
0.043102026
0.045778036
0.043081045
0.042735100
0.046002865
0.043598175
0.043645859
0.046565056
0.046148062
0.059175014
0.043529034
0.046374083
0.047564983
0.048329115
0.047585011
0.045719862
0.050681114
0.046977043
0.047741890
0.047196865
0.046221972
0.046686172
0.044471979
0.058290005
0.044437885
0.046806097
0.045040131
0.046416998
0.044593096
0.045423985
0.047150850
0.043375015
0.045732021
0.047355175
0.045129061
0.044481993
0.048187971
0.047679901
0.047264814
0.044527054
0.047324896
0.044018030
0.047290087
0.048171997
0.043855190
0.048888922
0.046932936
0.048186064
0.047185898
0.052620888
0.046380043
0.046792984
0.045511007
0.045465946
0.047955036
0.047999859
0.047924042
0.047842979
0.047983885
0.048477888
0.047319174
0.048264027
0.047924995
0.047361135
0.048352957
0.048037052
0.048606873
0.047230959
0.048074007
0.046502829
0.047782183
0.053513050
0.050534010
0.046270132
0.047640085
0.051234007
0.048851013
0.048618078
0.049024105
0.049535036
0.049747229
0.048090935
0.046535969
0.049591064
0.048816919
0.047175169
0.045876980
0.049233913
0.048335075
0.048799038
0.049730062
0.050209045
0.058715105
0.048916101
0.048658848
0.048140049
0.049602985
0.048910141
0.046917200
0.063735008
0.046943903
0.049034119
0.047021151
0.046998024
0.049527884
0.050397873
0.049695015
0.047200918
0.047128916
0.050218105
0.048644066
0.051383972
0.047847033
0.047739983
0.046891928
0.049076080
0.047013998
0.050356865
0.046410084
0.049563885
0.050163984
0.050033092
0.051095963
0.049845934
0.050400019
0.050586939
0.059025049
0.047995090
0.050951958
0.049258947
0.050205946
0.048455954
0.047219992
0.057383060
0.049533844
0.049857140
0.050141096
0.051271915
0.050038099
0.051386833
0.055791855
0.050686121
0.050908089
0.047982931
0.050235987
0.053267002
0.051748991
0.047967911
0.050771952
0.047913074
0.049423933
0.051661015
0.049623013
0.051342010
0.051939011
0.050272942
0.051367044
0.057518005
0.048129082
0.048492908
0.048735857
0.049115181
0.053235054
0.048024893
0.051835060
0.051870823
0.050613880
0.056929827
0.048933029
0.049796104
0.053586006
0.052801847
0.051308870
0.049526930
0.051757097
0.050697088
0.053148985
0.060197830
0.052194118
0.050822020
0.051120996
0.050398827
0.052529097
0.052869081
0.053597927
0.055774927
0.052316904
0.057950020
0.051762104
0.052963018
0.050669909
0.052430153
0.053397894
0.051500082
0.053529024
0.052077055
0.051898956
0.052919149
0.053066015
0.054071903
0.063791037
0.052688837
0.054611921
0.051652908
0.053868055
0.052171946
0.053990841
0.052350998
0.054322004
0.052213907
0.054255009
0.052316904
0.051317930
0.060590029
0.052918911
0.054769039
0.054025173
0.054296017
0.053404093
