0.000049114
0.000094175
0.000128031
0.000163794
0.000175953
0.000224113
0.000328064
0.000277996
0.000427961
0.000422001
0.000402927
0.000399828
0.000470161
0.000455141
0.000527859
0.000539064
0.000627995
0.000633955
0.000716925
0.001085997
0.000748158
0.000754118
0.000903130
0.000960827
0.000967026
0.001075029
0.001102924
0.001038074
0.001065969
0.001206160
0.001271009
0.001160145
0.001265049
0.001208067
0.001362085
0.001241922
0.001341105
0.001792192
0.001310825
0.001597881
0.001991034
0.001547813
0.002065897
0.001704216
0.001850128
0.001760006
0.001888037
0.002203941
0.001970053
0.002501011
0.002467871
0.002060890
0.002199888
0.002151012
0.002256155
0.002288103
0.002336025
0.002260923
0.002399921
0.002717018
0.002654076
0.002424955
0.002404928
0.002588034
0.002789974
0.003273010
0.003409147
0.002578974
0.002687216
0.003345013
0.003231049
0.002947092
0.003266096
0.003261805
0.003232002
0.002944946
0.003047943
0.003716946
0.003009081
0.003000975
0.003377199
0.003265858
0.003715992
0.003674030
0.003443003
0.003494978
0.003803968
0.003927946
0.004240990
0.003649950
0.003705025
0.004036903
0.003787041
0.003882170
0.004431963
0.005020142
0.003959179
0.005107880
0.004585981
0.004137039
0.004404068
0.004822016
0.004624128
0.005356073
0.004446983
0.004751205
0.004377842
0.004918098
0.005339861
0.004991055
0.004476070
0.004832029
0.004535913
0.005132914
0.004683018
0.004967928
0.004650831
0.004993916
0.004771948
0.005063057
0.005180120
0.004867077
0.004842043
0.005419970
0.004735947
0.005016088
0.005107880
0.005136013
0.004962206
0.005105019
0.005285025
0.005810976
0.005661964
0.005630016
0.005728006
0.005198002
0.005171061
0.005307913
0.005760908
0.005388975
0.005311012
0.005750895
0.005846024
0.005733013
0.005590916
0.006090164
0.006011963
0.005706072
0.006177187
0.006164074
0.006021023
0.006430149
0.005814075
0.006048918
0.006270170
0.006633043
0.007465839
0.006072044
0.006014824
0.007314920
0.007182121
0.006304979
0.006250143
0.006317854
0.006695032
0.006714821
0.007342100
0.006767988
0.007673979
0.007235050
0.007172108
0.007614851
0.007838011
0.007333040
0.007856131
0.007407188
0.008748055
0.007703066
0.007671833
0.008594990
0.008421183
0.007618904
0.008738995
0.009193897
0.008300066
0.009315968
0.008299112
0.008144140
0.008248091
0.008210897
0.008509874
0.008454084
0.008550882
0.009396791
0.008601904
0.008846045
0.009165049
0.008765936
0.009029865
0.009529829
0.010169983
0.009176016
0.008967161
0.009372950
0.017032146
0.009632826
0.010594845
0.009144783
0.010136843
0.010483980
0.009335041
0.010690212
0.009581089
0.010286808
0.009564877
0.009349108
0.009747028
0.009234905
0.010768890
0.009591818
0.009589911
0.009696960
0.009683132
0.009695053
0.009784937
0.009494066
0.010263920
0.009817123
0.009901047
0.009772062
0.009989023
0.009867191
0.009972095
0.009999990
0.009949923
0.010292053
0.010191917
0.010021925
0.010159969
0.010426998
0.010611057
0.010241985
0.010094166
0.010251999
0.010243893
0.010783195
0.010248899
0.010397196
0.010113001
0.011831999
0.012089968
0.012104034
0.010459900
0.010112047
0.021597862
0.010362864
0.010288000
0.010478020
0.010456085
0.010576963
0.010508060
0.010483027
0.010559082
0.010533810
0.010927916
0.010748863
0.012799025
0.010890007
0.012346029
0.012701035
0.012596846
0.010957956
0.011326075
0.011032104
0.012433052
0.011342049
0.012659073
0.011242867
0.012613058
0.011210918
0.011832952
0.011353970
0.011291981
0.011348009
0.011492968
0.011318922
0.011263847
0.012285948
0.013303995
0.011448145
0.011390924
0.011321068
0.011514187
0.012336969
0.011888027
0.012094975
0.015161037
0.011561155
0.011908054
0.011669874
0.011566162
0.012341022
0.012033939
0.011750937
0.011796951
0.012070894
0.012195110
0.012872934
0.011941910
0.011905909
0.011803865
0.012331963
0.014171124
0.012132883
0.012450218
0.014128923
0.014213085
0.014176846
0.012239933
0.014417887
0.012249947
0.012456894
0.013005972
0.012411118
0.012225151
0.012804985
0.012444019
0.012501001
0.012835979
0.013283014
0.016216993
0.017174959
0.013164997
0.013399839
0.013283014
0.013715982
0.013430834
0.016089916
0.013792992
0.014191151
0.013648987
0.021899939
0.014166117
0.014168978
0.014273882
0.014379978
0.014425993
0.014287949
0.014611959
0.015561104
0.017004967
0.014433861
0.014803171
0.015136957
0.015045881
0.015559196
0.015491962
0.015073061
0.015454054
0.015774965
0.015778065
0.016588926
0.016293049
0.015772104
0.017725945
0.017078876
0.016486883
0.016592026
0.016326904
0.016442060
0.016498089
0.016350031
0.016565084
0.016844034
0.016820908
0.016477108
0.017266035
0.017118931
0.017070055
0.018718958
0.018064022
0.017188072
0.017386913
0.017652035
0.017595053
0.017503977
0.017940998
0.017812967
0.017604828
0.018515825
0.017820120
0.017968893
0.018312216
0.018113136
0.018615007
0.019068956
0.018620014
0.018563032
0.018224955
0.018924952
0.018784046
0.023678064
0.018381119
0.018581867
0.018852949
0.019512892
0.018617868
0.019332170
0.018784046
0.018949032
0.020113945
0.019069195
0.019171953
0.021382093
0.019275904
0.019340992
0.019220114
0.019284010
0.019086838
0.019232035
0.020181894
0.019764900
0.019140959
0.019359112
0.019563198
0.019548178
0.019021034
0.019704819
0.019451857
0.021559000
0.019516945
0.019698143
0.020206928
0.029247999
0.019426823
0.019484997
0.019400835
0.019653797
0.020150900
0.019608974
0.019871950
0.020281792
0.019578934
0.019798994
0.019895077
0.020108938
0.020312071
0.020113945
0.019848824
0.022377014
0.020990849
0.019957066
0.020556927
0.020730972
0.020387173
0.021160841
0.022948980
0.021693945
0.021550894
0.020932913
0.020998001
0.020740032
0.020719051
0.023808956
0.020512104
0.024805069
0.020396948
0.020539999
0.021164179
0.023587942
0.021276951
0.021322012
0.021625996
0.023868084
0.021832943
0.021074057
0.025627851
0.021605968
0.021680117
0.021533012
0.023631096
0.026474953
0.023512125
0.023771763
0.022315979
0.022354841
0.021818161
0.021616936
0.025023937
0.021452904
0.021787882
0.023932934
0.023529053
0.024954081
0.021909952
0.025418997
0.024636030
0.023142099
0.021959066
0.022560120
0.023083925
0.022674799
0.025553942
0.022860050
0.022526979
0.025593996
0.023011923
0.022964954
0.022691011
0.023204088
0.023572922
0.022796869
0.027139902
0.023792028
0.031692028
0.022949934
0.023532152
0.027192116
0.022989035
0.023415089
0.022907972
0.023370981
0.023366928
0.023176908
0.023094893
0.023586988
0.024055004
0.023664951
0.029050112
0.031362057
0.025061131
0.023843050
0.026427031
0.024507046
0.024122953
0.026333094
0.024587870
0.025899172
0.030050039
0.025921106
0.026458025
0.026070118
0.023939133
0.027385950
0.024030924
0.027496099
0.025187016
0.024895906
0.027088881
0.029299021
0.027048826
0.027184963
0.026777983
0.026273012
0.024836063
0.027548075
0.024414062
0.026386976
0.026906013
0.030143976
0.024868965
0.024910927
0.033331871
0.025197029
0.025503159
0.027374983
0.027150154
0.026194096
0.028680801
0.027972221
0.027182817
0.027372122
0.028244019
0.027670860
0.028517008
0.028228045
0.025720835
0.028329849
0.025747061
0.028357029
0.028036118
0.025325060
0.029042006
0.028398991
0.026556015
0.025638103
0.028451920
0.028769016
0.025925875
0.026753902
0.026205778
0.026543856
0.026173115
0.029052019
0.026310921
0.027747869
0.028701067
0.026180983
0.026697874
0.026567936
0.026859045
0.026746035
0.026324987
0.026303053
0.026763201
0.029455900
0.026562929
0.027390957
0.028123140
0.028693199
0.030269861
0.029153109
0.030760050
0.029375076
0.030025005
0.029614925
0.030019999
0.029947996
0.027451038
0.027019024
0.029283047
0.029718876
0.028373957
0.026736021
0.030713081
0.027010918
0.028723001
0.027702808
0.027601004
0.027735949
0.030439138
0.028887987
0.030831814
0.030614138
0.028550148
0.027762890
0.030662060
0.043148994
0.031067848
0.027661085
0.031123161
0.028446913
0.029902935
0.032181025
0.030160904
0.027992010
0.027911901
0.027588844
0.028914928
0.027891874
0.028846025
0.028007984
0.030661106
0.030807018
0.033000946
0.029978991
0.032496929
0.032322884
0.029199839
0.029217005
0.033107996
0.029465914
0.029884100
0.031074047
0.029827833
0.031283140
0.031328917
0.032026052
0.033593893
0.032527924
0.030312061
0.031507015
0.033263922
0.030992031
0.031153917
0.046351910
0.033751011
0.031936884
0.032552004
0.046615124
0.035669088
0.031405926
0.035334110
0.035634041
0.034551859
0.035084009
0.034571886
0.032652855
0.034295082
0.032916784
0.034171104
0.033688068
0.036124945
0.035886049
0.035439968
0.036421061
0.037409067
0.032899857
0.036806107
0.037365913
0.037109852
0.036424875
0.036507845
0.035224915
0.037405968
0.037646055
0.036802053
0.037387133
0.038188934
0.037966013
0.036406040
0.037728786
0.038151026
0.037855864
0.038808107
0.037996054
0.038877010
0.038206100
0.048009157
0.037928104
0.036321163
0.038017988
0.042053938
0.035691023
0.039491892
0.038180828
0.043493986
0.038846016
0.039834023
0.039160013
0.038387775
0.038665056
0.039576054
0.039144039
0.039599895
0.039131880
0.038543224
0.039674997
0.040468931
0.038590908
0.042225838
0.047616005
0.041357994
0.041121006
0.039179087
0.043008089
0.041799068
0.039221048
0.038751125
0.039923906
0.038538933
0.040395021
0.038645029
0.039505005
0.039718151
0.041023016
0.042020082
0.040369987
0.042777061
0.041302919
0.041571140
0.041550159
0.041851997
0.041074038
0.052100182
0.040002108
0.040587902
0.040361881
0.042811155
0.042263031
0.041090965
0.041675091
0.044929028
0.042362928
0.041983843
0.051126957
0.042278051
0.044631958
0.055320978
0.043237925
0.042923927
0.043749809
0.044596910
0.044288874
0.044639111
0.045115948
0.045493126
0.045160055
0.045439959
0.054599047
0.044272900
0.045471907
0.044348955
0.045572042
0.047837973
0.044713020
0.045093060
0.046148062
0.047481060
0.045053005
0.045686960
0.044505835
0.044913054
0.047950983
0.045321941
0.045438051
0.044769049
0.045632839
0.046402931
0.046294928
0.055831909
0.046069145
0.043864965
0.045654058
0.045195818
0.046575069
0.044224977
0.046506882
0.046737909
0.046938896
0.054965973
0.044543028
0.047441959
0.046965122
0.045042038
0.047281027
0.045404911
0.045578003
0.045783997
0.045054913
0.056205988
0.053457975
0.047314882
0.045367956
0.054178953
0.045397043
0.047574997
0.047550917
0.048128128
0.047699928
0.045844078
0.046108007
0.048128128
0.047972918
0.045967817
0.045739174
0.044995070
0.048242092
0.058101177
0.045722961
0.047429085
0.046086073
0.045890093
0.045809984
0.047264814
0.048958063
0.048485994
0.045217037
0.046360970
0.045855045
0.049215078
0.046193838
0.046041965
0.048630953
0.046015978
0.048548937
0.049525976
0.047074080
0.056539059
0.047044992
0.046304941
0.045978069
0.046864033
0.050457954
0.047738075
0.046252012
0.046904087
0.050203085
0.052599907
0.048833847
0.049784899
0.048833847
0.050074100
0.045731068
0.050122976
0.045639038
0.048469782
0.046684980
0.064112186
0.049190044
0.045814037
0.046036959
0.047123909
0.050312042
0.050647020
0.050817013
0.050429821
0.045717955
0.047065973
0.046727896
0.047062874
0.046983957
0.046438932
0.046975851
0.046252012
0.058954954
0.047000170
0.046900988
0.047632933
0.046878815
0.050946951
0.047298908
0.047055960
0.052320004
0.051004887
0.049806118
0.047219038
0.049758911
0.049462795
0.048451900
0.050820112
0.050148964
0.050673008
0.050604105
0.056296825
0.050930023
0.047494888
0.048671007
0.048054934
0.047637939
0.047377825
0.050683975
0.051470995
0.052477121
0.048382044
0.047689199
0.051819086
0.052448034
0.049011946
0.052194834
0.052047014
0.052344084
0.051259995
0.059005976
0.057374001
0.053251028
0.052524090
0.051917791
0.048327923
0.053383827
0.049088001
0.052624941
0.048554897
0.050912142
0.049314022
0.052102804
0.052984953
0.050783873
0.051445007
0.055473089
0.050549030
0.052443981
0.052050829
0.049433947
0.051913977
0.053022861
0.049083948
0.050549984
0.052911043
0.048830986
0.052983046
0.049035788
0.053797960
0.052636862
0.049264908
0.053292036
0.053878069
0.053116083
0.051053047
0.051786900
0.053656101
0.054018974
0.053560019
0.050028086
0.049984932
0.064259052
0.049226999
0.049736977
0.049947023
0.049685001
0.050309181
0.049018860
0.053520918
0.049536228
0.054104090
0.050661087
0.049352884
0.050259113
0.053162813
0.054296017
