0.000185013
0.000163078
0.000246048
0.000155210
0.000169992
0.000234842
0.000255823
0.000301123
0.000304937
0.000382900
0.000471830
0.000397921
0.000443935
0.000451088
0.000553846
0.000749111
0.000576019
0.000679016
0.001096010
0.000659943
0.000942945
0.000797987
0.001325846
0.000943899
0.000911951
0.000951052
0.001006126
0.001643896
0.001352072
0.001071930
0.001667976
0.001673937
0.001242876
0.001192808
0.001224995
0.001351118
0.001941919
0.001457930
0.001391888
0.001509905
0.001739025
0.001538038
0.001598835
0.001751900
0.001717091
0.001928091
0.001823902
0.001885891
0.002299786
0.002022982
0.002053976
0.002439976
0.002480984
0.002129078
0.002185106
0.002752066
0.002412081
0.002260923
0.002768993
0.002350092
0.002444983
0.002680063
0.002837896
0.002542019
0.002520084
0.003020048
0.002496004
0.002637863
0.002636909
0.002629042
0.003236055
0.003050089
0.002654076
0.002708912
0.002788067
0.002909184
0.003020048
0.003148079
0.002923965
0.003350019
0.002915144
0.003427029
0.003368139
0.003174067
0.003562927
0.003781080
0.003396034
0.003926039
0.004204988
0.003711939
0.003782988
0.004132032
0.004467964
0.004065037
0.004373789
0.003971815
0.004201174
0.004081011
0.004924774
0.004160881
0.004980087
0.004795790
0.004708052
0.004955053
0.004204035
0.004348040
0.004815102
0.004482031
0.004767895
0.004477024
0.005778074
0.004585028
0.004526138
0.004770041
0.004599094
0.005006075
0.004604101
0.005239964
0.004820108
0.005117893
0.007133007
0.005195856
0.004832983
0.004790068
0.004908085
0.005558968
0.004976988
0.004963875
0.004920006
0.005488873
0.005087852
0.005790949
0.005616188
0.005817890
0.005538940
0.005316019
0.005527973
0.009008169
0.005625963
0.005414963
0.005669117
0.005443096
0.005330086
0.006186962
0.006644964
0.005940914
0.005944967
0.006402969
0.005681992
0.005614042
0.005935192
0.006313086
0.006262064
0.006067991
0.006897926
0.006024122
0.005996227
0.006041050
0.007287979
0.005995989
0.006323099
0.006039143
0.007521152
0.006876945
0.006435871
0.006502867
0.006974936
0.006714821
0.006788015
0.007022142
0.012539864
0.007167101
0.007174969
0.007188082
0.007142067
0.008006811
0.007467985
0.007612944
0.009355068
0.007599115
0.008640766
0.008013010
0.007964134
0.007944107
0.007957935
0.008917093
0.008267164
0.008197069
0.008286953
0.008322001
0.008381128
0.008670092
0.008476019
0.008898020
0.008466959
0.008782864
0.009299994
0.008664846
0.008919001
0.009068012
0.008962870
0.009036064
0.008966923
0.010411024
0.009046078
0.009276867
0.009207010
0.009161949
0.009550095
0.009315968
0.009201050
0.009053946
0.009417057
0.009654999
0.009675026
0.009421110
0.019438982
0.009407043
0.010809183
0.009549856
0.009542942
0.009465933
0.009624958
0.009647131
0.009473085
0.009485006
0.009574890
0.010081053
0.010341883
0.011251926
0.010756969
0.009709120
0.009706020
0.009968042
0.011147022
0.009945154
0.009984970
0.011589050
0.010082006
0.009932041
0.010190010
0.010359049
0.011548996
0.009907961
0.010303974
0.010046005
0.011192083
0.010205984
0.011893034
0.012160063
0.010256052
0.010353088
0.010450125
0.010363102
0.010398149
0.010366917
0.011943817
0.010411978
0.010495186
0.010676146
0.012632132
0.010558844
0.011454821
0.010585785
0.011067867
0.010583878
0.010785103
0.010912180
0.010693789
0.011047840
0.011125088
0.010966778
0.018475056
0.011022091
0.010927200
0.010879993
0.010879040
0.011126041
0.011270046
0.011648893
0.013479948
0.011881113
0.011779070
0.011277914
0.011341095
0.011229038
0.013074875
0.011123896
0.011280060
0.012010098
0.011986971
0.011259079
0.011497021
0.011474133
0.011795998
0.013128042
0.013686180
0.013741970
0.011582851
0.011377096
0.011795998
0.011739016
0.011708975
0.011611938
0.011672974
0.012411118
0.011888027
0.012284994
0.018008947
0.014321804
0.014513016
0.011934996
0.012331009
0.012325048
0.012180090
0.012597084
0.014055967
0.011955023
0.012342930
0.012456894
0.012475967
0.019500971
0.012133121
0.012253046
0.012387037
0.012236118
0.012596130
0.012777090
0.013448954
0.015362978
0.013161898
0.013200998
0.013334990
0.013471127
0.016751051
0.013477087
0.015677929
0.014355898
0.013780117
0.014137030
0.013948202
0.014667988
0.014225960
0.014338017
0.014261007
0.015037060
0.014290094
0.016774178
0.014592886
0.014926195
0.014932156
0.014477015
0.015089035
0.015753984
0.014902115
0.015181065
0.015044928
0.016710997
0.015188932
0.015691042
0.015473127
0.015827894
0.016248941
0.015588999
0.015794992
0.018247128
0.016879082
0.016433954
0.016402006
0.016505957
0.016790152
0.016361952
0.016749859
0.016900063
0.016641140
0.016849041
0.017374992
0.019073009
0.016882896
0.017699003
0.017457962
0.017355919
0.017496824
0.017546892
0.020742893
0.018025160
0.017969131
0.022002935
0.017764091
0.017699003
0.020539999
0.019593000
0.018512964
0.018850803
0.020446777
0.021486044
0.018958092
0.018346071
0.018715143
0.021822929
0.018933058
0.018525839
0.018412113
0.018959999
0.018678904
0.019263983
0.019534111
0.020120144
0.019339085
0.020379066
0.019477129
0.019459963
0.019357920
0.019703150
0.019092083
0.019865990
0.019418955
0.018927097
0.019314051
0.020086050
0.019675016
0.019493103
0.022619963
0.019722939
0.019625187
0.019476891
0.019178867
0.019953012
0.020268917
0.019614935
0.019433022
0.019644022
0.019515991
0.019501925
0.020246029
0.019823074
0.019636869
0.025029898
0.019824028
0.020673037
0.019606829
0.019841909
0.019865036
0.021188021
0.019973993
0.020327806
0.019819021
0.019758940
0.021483898
0.020735979
0.020090818
0.019865036
0.019950867
0.020263910
0.020142078
0.020700932
0.020052195
0.020040989
0.021105051
0.020652056
0.021151066
0.020547867
0.021242142
0.021066904
0.022582054
0.021528006
0.021332026
0.021414042
0.021779060
0.022650003
0.021360874
0.021628857
0.021270990
0.021551132
0.022130966
0.021059036
0.021610022
0.021383047
0.021461010
0.023275852
0.021056890
0.021864891
0.023229122
0.025042057
0.021554947
0.026060104
0.022036076
0.022639036
0.021778107
0.022401094
0.021651030
0.021977901
0.023569822
0.022058964
0.022198915
0.023689985
0.022531033
0.027224064
0.024062872
0.022216082
0.023401022
0.023294926
0.022351980
0.022126913
0.022618055
0.024078131
0.023463011
0.024888992
0.030457973
0.022456169
0.023671150
0.022829056
0.022857904
0.023384809
0.023540974
0.023080826
0.024662971
0.023311853
0.023412943
0.023473024
0.023679972
0.023749113
0.023396969
0.023353100
0.023374081
0.023578167
0.023482084
0.023845911
0.023482084
0.023646116
0.023447037
0.023413897
0.023761988
0.023279190
0.024130106
0.023595095
0.024436235
0.023317099
0.023489952
0.023881912
0.023484945
0.024017811
0.023953915
0.024075031
0.034775972
0.024173975
0.024100065
0.024142027
0.023940086
0.024663925
0.024379969
0.024701118
0.024166107
0.028867960
0.026342154
0.024225950
0.024914980
0.024684906
0.024842024
0.024989128
0.025137901
0.025163174
0.024671793
0.024625063
0.024791002
0.025094986
0.024705887
0.026539087
0.024666071
0.024448872
0.025000095
0.025811911
0.024666071
0.025634050
0.025320053
0.025673151
0.025320053
0.025835991
0.025951147
0.025460958
0.025187969
0.029792070
0.025704861
0.025313854
0.025530100
0.026149988
0.026018143
0.026490927
0.025786877
0.026247978
0.027117014
0.025907040
0.026002884
0.026097059
0.025931835
0.026371956
0.027102947
0.027086973
0.025774956
0.028206110
0.026354074
0.026295900
0.026342154
0.026787996
0.028107882
0.026818037
0.026934147
0.027292967
0.026769161
0.027141094
0.026720047
0.026464939
0.027582884
0.028836012
0.027172089
0.026541948
0.030451059
0.029438972
0.027029037
0.028074026
0.026689053
0.026918888
0.027196169
0.026823997
0.028537035
0.028143167
0.026816130
0.029821873
0.028321981
0.028851986
0.027245045
0.030959129
0.028047085
0.027451038
0.033571005
0.030578136
0.029449940
0.030776024
0.037053108
0.027666092
0.027769089
0.028365135
0.027243137
0.031293869
0.028090000
0.029994965
0.029193878
0.029815912
0.028166056
0.028085947
0.031363964
0.029038906
0.031561136
0.031422853
0.028835058
0.028524876
0.028661013
0.029163837
0.028959036
0.029533148
0.029680967
0.030343056
0.029822111
0.029550076
0.030576944
0.030115843
0.030019045
0.030114174
0.031229019
0.030782938
0.030621052
0.030793905
0.030823231
0.030832052
0.030551195
0.030776024
0.032109976
0.031948090
0.030841827
0.031875849
0.036223888
0.032063007
0.032246828
0.032123089
0.032672882
0.032823086
0.032622099
0.031966925
0.043240070
0.033042908
0.034147024
0.032687902
0.045288086
0.033312082
0.033729076
0.033074141
0.039983988
0.033320189
0.033499956
0.033554077
0.046406031
0.034463882
0.035048962
0.034398079
0.040938139
0.034733057
0.034343004
0.034495115
0.034458876
0.034961939
0.035724163
0.034813881
0.035486937
0.035495043
0.035198927
0.035841942
0.036767960
0.035459995
0.036138773
0.036427021
0.036013126
0.039824963
0.038208961
0.037270069
0.037011147
0.036325932
0.038531065
0.037185907
0.037046909
0.038208008
0.036392927
0.046586990
0.038099051
0.038386822
0.037573099
0.039632797
0.038398027
0.037998915
0.037489891
0.039206982
0.038591862
0.047798157
0.037827969
0.038619041
0.038297892
0.038755894
0.041061878
0.038587809
0.040091038
0.046738148
0.039342880
0.039741993
0.042917967
0.038622856
0.040362120
0.039799929
0.046715021
0.042347908
0.039571047
0.040341139
0.040137768
0.040080070
0.040865898
0.043731928
0.043112993
0.041063070
0.040192842
0.042687893
0.041103125
0.041322947
0.041245937
0.048809052
0.041290998
0.042896032
0.050264120
0.044306040
0.042461157
0.044086933
0.042557001
0.041675806
0.048993111
0.043504000
0.047449112
0.042385101
0.045822144
0.042882919
0.042479992
0.044641018
0.043297052
0.043036938
0.043182850
0.043973923
0.043817043
0.043631077
0.043522120
0.043498039
0.044566154
0.043302059
0.043465137
0.043298006
0.051054955
0.043195009
0.044059992
0.044332981
0.043154955
0.044428110
0.043980837
0.044351101
0.043999910
0.044929981
0.043521166
0.043676853
0.044874191
0.043637037
0.044825077
0.044278145
0.043581963
0.044931889
0.055188179
0.045047045
0.043877125
0.045272112
0.043790102
0.044625044
0.044119120
0.044921875
0.044831038
0.044970989
0.055284977
0.044010878
0.045095921
0.044955969
0.045717001
0.045222998
0.045038939
0.044984102
0.044619083
0.045232773
0.049834967
0.044867992
0.045017004
0.045765877
0.044961929
0.045907974
0.045482874
0.050458908
0.045231104
0.045497894
0.055141926
0.045788050
0.046136141
0.045618057
0.045866013
0.046480894
0.044800997
0.048129082
0.045717955
0.045723915
0.046486139
0.045224905
0.046258211
0.046768904
0.048238039
0.046798944
0.046267033
0.045875072
0.046598196
0.045933008
0.046042919
0.046939850
0.045953989
0.053678036
0.046571016
0.045734882
0.047069073
0.045974970
0.045770884
0.046291828
0.045493126
0.047013998
0.046655178
0.046261072
0.046954155
0.046481133
0.046897888
0.046230078
0.058828831
0.047020912
0.046661139
0.047568083
0.047055006
0.047945976
0.047376156
0.046270847
0.046941042
0.047272921
0.046701908
0.046583891
0.047662020
0.046834946
0.046673059
0.047564030
0.047669172
0.047328949
0.050342083
0.046520948
0.048002005
0.047486782
0.046669960
0.046622992
0.047322989
0.050929070
0.047170162
0.047942877
0.047541857
0.048528910
0.048164845
0.047553778
0.047377110
0.048323870
0.047754049
0.047580004
0.051370859
0.048436880
0.047854185
0.048598051
0.052772999
0.047901154
0.047321796
0.048564911
0.047883987
0.049197912
0.048020840
0.047379971
0.048683882
0.047887087
0.059293032
0.051820993
0.049293995
0.049406052
0.048347950
0.048758984
0.049048185
0.049052000
0.048876047
0.048097849
0.048986197
0.049144030
0.050613165
0.049551010
0.053210020
0.048307896
0.048706055
0.052525997
0.048420906
0.056777954
0.051678896
0.050874949
0.055368900
0.051577091
0.052419186
0.051866055
0.048645020
0.048981905
0.050112963
0.052252054
0.049584150
0.048943996
0.052169085
0.048986912
0.049606085
0.060058117
0.049507856
0.049984932
0.049916983
0.053339958
0.052930832
0.049417973
0.053318977
0.049844980
0.049901962
0.049616098
0.049994946
0.050491810
0.050451994
0.049354076
0.050071955
0.055166960
0.050035000
0.050344944
0.049697161
0.050137997
0.049911976
0.050185919
0.050211191
0.050904036
0.049359798
0.050177097
0.050460100
0.050632000
