0.000056982
0.000185013
0.000127077
0.000152111
0.000174999
0.000236988
0.000256062
0.000309944
0.000293016
0.000346184
0.000364065
0.000396967
0.000736952
0.000451088
0.000511885
0.000655890
0.000577927
0.000869036
0.000726223
0.000824928
0.000839949
0.000960827
0.001729012
0.000911951
0.000910997
0.001164913
0.000994921
0.001034975
0.001597881
0.001097918
0.001760006
0.001217842
0.001139879
0.001424074
0.001166105
0.001266003
0.001683950
0.001320124
0.001385927
0.001837969
0.001512051
0.001557827
0.002878189
0.002046108
0.001850128
0.001837969
0.002443075
0.001847982
0.002321005
0.002034903
0.002058029
0.002224922
0.002449036
0.002269030
0.002197027
0.002289057
0.002300024
0.002485991
0.002335072
0.002588987
0.002483845
0.002411127
0.002415895
0.002995014
0.002568007
0.002933025
0.002740860
0.002593040
0.002590895
0.003163099
0.003274918
0.002683878
0.003418922
0.002696037
0.003238916
0.002906084
0.003436089
0.003123045
0.003758192
0.002940893
0.002988815
0.003293037
0.003427029
0.003448009
0.003414869
0.003959894
0.003404856
0.003984928
0.004244089
0.003609180
0.004161835
0.003843069
0.004486084
0.004450083
0.004077911
0.004227161
0.004209042
0.004253864
0.005203009
0.004880905
0.004904032
0.004404068
0.004152060
0.004365921
0.005042076
0.004848003
0.005006075
0.004390955
0.004431963
0.004600048
0.005231142
0.004606962
0.005187035
0.004920959
0.004868984
0.005123854
0.004827976
0.005538225
0.004843950
0.004815817
0.004895926
0.005144119
0.004957914
0.005563021
0.005281925
0.005030155
0.004894018
0.005434036
0.006190062
0.006029844
0.005378962
0.005185843
0.005712032
0.005223036
0.005090952
0.005150080
0.005064011
0.005759001
0.005157948
0.006294012
0.005281925
0.005517006
0.005358934
0.005454063
0.006648064
0.005497932
0.006430864
0.005544186
0.005751848
0.005657911
0.006298065
0.005873919
0.005913973
0.005990028
0.006298065
0.013226032
0.006004810
0.005964994
0.006968975
0.006020069
0.006470919
0.006544113
0.006257057
0.006381035
0.006378889
0.006909132
0.006735086
0.006623983
0.007380009
0.007014990
0.006950140
0.007413864
0.007124901
0.007292986
0.007251024
0.008044004
0.008414984
0.007362127
0.007612944
0.007557154
0.007656097
0.009558916
0.008018017
0.008074999
0.007991791
0.009032965
0.008240938
0.008177042
0.008347988
0.008597136
0.008499146
0.008451939
0.009026051
0.008562088
0.008638144
0.008874178
0.008955002
0.009063959
0.008900881
0.008913994
0.009021997
0.009025097
0.009054899
0.009077072
0.009228945
0.010630846
0.009238958
0.009441137
0.009531021
0.009320974
0.009259224
0.009305000
0.011936188
0.009128094
0.009338856
0.009404898
0.009407043
0.009804964
0.009516954
0.009717941
0.009548903
0.009702921
0.009589911
0.009956121
0.009660006
0.009640932
0.010117054
0.009819031
0.011276007
0.009633064
0.010210991
0.009748936
0.009851933
0.010028839
0.014257908
0.010448933
0.010073900
0.010425091
0.010422945
0.010247946
0.010289907
0.020635843
0.010876894
0.010029078
0.010241985
0.010550022
0.010315895
0.009975910
0.010545015
0.010386944
0.011762857
0.010473967
0.010169029
0.010063887
0.010293007
0.010810852
0.010390997
0.010454178
0.010936975
0.010495901
0.010527134
0.010653973
0.010640144
0.010704041
0.012257099
0.010637045
0.010842800
0.011333942
0.010773182
0.011371851
0.011110783
0.010986090
0.011353016
0.011039972
0.011088848
0.010980129
0.011236191
0.011017799
0.011144876
0.011597872
0.011020899
0.011344194
0.013026953
0.011657000
0.011492968
0.012987137
0.011624098
0.011477947
0.013134003
0.011518955
0.012032032
0.011649132
0.011541843
0.011902809
0.011785984
0.014898062
0.011806011
0.013142824
0.012111187
0.011731863
0.013207912
0.014122963
0.011735916
0.012140036
0.013704062
0.011823893
0.013771057
0.011934042
0.011934996
0.012209892
0.012066841
0.011837959
0.014380932
0.014250994
0.013996840
0.012180090
0.012097120
0.012290955
0.012433052
0.012460947
0.012419939
0.012426138
0.012548208
0.012537956
0.012543917
0.014482975
0.014333963
0.012904882
0.017439842
0.014923096
0.015085936
0.013164997
0.013664007
0.013390064
0.017158985
0.013545990
0.013700962
0.014260054
0.014384985
0.013846159
0.019783974
0.013984919
0.014595032
0.014055014
0.015402079
0.014360905
0.016697884
0.016903877
0.014490843
0.014615059
0.017133951
0.017083883
0.018990993
0.017272949
0.015848875
0.017374992
0.015252113
0.023828030
0.015300035
0.015735865
0.015843153
0.015370846
0.018237114
0.015787125
0.027648926
0.016178846
0.016489983
0.016631842
0.016387939
0.016473055
0.020203114
0.016634941
0.016694069
0.019129038
0.018635035
0.017109871
0.017282963
0.016967058
0.016844034
0.017467976
0.016968012
0.017338037
0.019902945
0.018043995
0.017651081
0.018038034
0.018810034
0.017808914
0.017806053
0.017964125
0.018072844
0.018278122
0.018305063
0.018244028
0.018860102
0.018564939
0.018789053
0.018984079
0.020864964
0.019016027
0.019025087
0.018567085
0.020544052
0.018688202
0.019239187
0.018579006
0.022235870
0.018872976
0.018951893
0.019033909
0.018843889
0.018596888
0.018689871
0.025653124
0.019062996
0.019067049
0.019075871
0.019588947
0.019551039
0.019265890
0.019625187
0.022011042
0.020398140
0.019198895
0.021103144
0.023132086
0.020992994
0.022370815
0.019431829
0.019465923
0.019446135
0.019031048
0.022271872
0.021579981
0.022039890
0.021836996
0.019581079
0.019897938
0.019744158
0.019742966
0.022679806
0.021072865
0.021894932
0.022207975
0.022248983
0.022745848
0.022714853
0.020077944
0.022873878
0.022801876
0.022754908
0.023015976
0.020035028
0.020560026
0.020843029
0.021340132
0.020398855
0.020853043
0.020812988
0.022831917
0.021338940
0.021232128
0.021174192
0.020697117
0.021100044
0.020837069
0.023072958
0.021967173
0.022704840
0.021543980
0.023621082
0.021167040
0.021550894
0.021355867
0.022098064
0.023015022
0.022967100
0.021481991
0.021852016
0.021411896
0.021436930
0.021308899
0.026087046
0.021867990
0.021717072
0.021681070
0.021817207
0.021522045
0.023863077
0.021983862
0.023620129
0.021919966
0.023137093
0.022102118
0.023589849
0.022099018
0.024025917
0.027034998
0.022531033
0.022554874
0.023555994
0.024096012
0.030521154
0.025254965
0.025079966
0.023612976
0.023723125
0.023980856
0.024198055
0.023971081
0.026910067
0.023113966
0.022830009
0.022948027
0.023493052
0.024726152
0.023187876
0.024422884
0.023075819
0.023740053
0.022958040
0.023116827
0.023782969
0.024775028
0.024960041
0.024478912
0.026252985
0.023484945
0.024655104
0.023610830
0.026763916
0.023756981
0.024494886
0.023524046
0.023773909
0.023483992
0.031941175
0.025012970
0.025286913
0.025185108
0.025300980
0.024863005
0.023845196
0.025135994
0.023921013
0.027292967
0.027227879
0.024486065
0.024983168
0.024428844
0.024657011
0.025218010
0.024466991
0.024450064
0.027366877
0.024479151
0.024669886
0.026661158
0.026540995
0.026967049
0.025158167
0.024385929
0.026898861
0.025676012
0.024942160
0.028009176
0.024741888
0.026274920
0.024912834
0.026642084
0.025347948
0.026967049
0.026013136
0.026988983
0.024636030
0.025274038
0.028428078
0.027266979
0.025422812
0.026104927
0.027291059
0.026525974
0.025420189
0.025713921
0.026385069
0.028416157
0.032294035
0.028591871
0.025543928
0.026184797
0.028830051
0.026092768
0.026421785
0.025749922
0.028893948
0.026000977
0.030725956
0.026288033
0.025923967
0.026803017
0.029017925
0.026721954
0.027051926
0.029294968
0.026555061
0.030515909
0.029814959
0.029819965
0.029559135
0.029567003
0.026422024
0.026585817
0.030632019
0.026294231
0.026790857
0.026618958
0.026903868
0.026500940
0.029649973
0.026344061
0.042850971
0.026968956
0.027081966
0.029685974
0.030857086
0.026720047
0.027328968
0.030360937
0.027058840
0.027497053
0.029822111
0.030490160
0.029597998
0.030705929
0.029602051
0.031462193
0.027127981
0.042374849
0.031145096
0.027931929
0.030937910
0.031489849
0.030581951
0.028893948
0.030899048
0.029386997
0.029979944
0.030888081
0.027745008
0.027972937
0.028751850
0.032155991
0.028076887
0.031265020
0.030788898
0.030871868
0.031790018
0.032209873
0.032350063
0.029515982
0.029724836
0.029991150
0.036950827
0.030243874
0.030444145
0.030660868
0.033096075
0.037434101
0.031234980
0.033653021
0.030841112
0.030508041
0.033771038
0.030930042
0.033761978
0.034258127
0.032696009
0.031476021
0.037017107
0.033581018
0.032794952
0.034058094
0.033098936
0.032412052
0.033368111
0.034421921
0.034179211
0.033068895
0.032391787
0.034580946
0.035969019
0.036109924
0.035386086
0.033047199
0.033082962
0.038928986
0.033337831
0.037040949
0.033745050
0.036097050
0.037452936
0.037497044
0.034312010
0.035973072
0.036163092
0.037599087
0.035949945
0.037652016
0.035912991
0.038216114
0.037688971
0.038580179
0.037996054
0.040611982
0.035401106
0.038838863
0.036069155
0.040557146
0.038582087
0.039149046
0.035351038
0.038496017
0.036492825
0.036221027
0.046318054
0.040719986
0.036901951
0.038630009
0.038677931
0.037204981
0.038872957
0.037566900
0.039126873
0.037359953
0.040484905
0.037089825
0.049298048
0.040045977
0.038873196
0.041491985
0.038503885
0.040965080
0.037966967
0.038367033
0.040040970
0.040942907
0.040669918
0.040003061
0.040819168
0.039484978
0.040347815
0.043157101
0.040490150
0.039942980
0.039674997
0.042248964
0.039882898
0.040846825
0.047068834
0.042514801
0.040751934
0.040804863
0.042917013
0.040542126
0.039991140
0.045953035
0.040274143
0.041048050
0.040998220
0.040742874
0.041045904
0.042495966
0.042432070
0.044551134
0.042389154
0.041732073
0.042320013
0.042060137
0.044730902
0.043459892
0.043280840
0.044171095
0.044803858
0.044796944
0.048865080
0.043733835
0.042870045
0.044442892
0.044882059
0.042870045
0.043418884
0.045176029
0.043509960
0.043567181
0.045325041
0.048742056
0.046303988
0.045534849
0.044626951
0.044450998
0.043528080
0.044162035
0.045538902
0.045342922
0.045593023
0.046344995
0.056067944
0.045349121
0.043778181
0.045625925
0.045840025
0.044914007
0.045424938
0.044080973
0.048406124
0.044613838
0.046867132
0.044975042
0.045994043
0.044551134
0.046272039
0.046633959
0.048197031
0.047386885
0.047485113
0.045858860
0.047105074
0.048892021
0.047671080
0.045482159
0.044394970
0.054873943
0.046990871
0.044761181
0.044753075
0.047122955
0.048137903
0.045625210
0.049296856
0.045649052
0.049185991
0.049555063
0.049947023
0.049500942
0.044402838
0.046052933
0.049084902
0.048729181
0.046978951
0.047686815
0.049839020
0.046680927
0.048563957
0.049338102
0.049185038
0.053676128
0.046495914
0.046422958
0.045440912
0.045560122
0.050427914
0.048358917
0.046497107
0.045770884
0.049656153
0.060906887
0.046112061
0.045855045
0.048467875
0.046090126
0.048542976
0.046251059
0.049144030
0.045997143
0.047491074
0.046823025
0.045501947
0.045747995
0.049885988
0.048659086
0.052190781
0.047525883
0.050145149
0.049154043
0.046776056
0.060836792
0.050440073
0.050321102
0.049371004
0.045805931
0.050153017
0.047001123
0.052783966
0.049199104
0.050662041
0.048733950
0.049340010
0.050411940
0.046728134
0.058011055
0.050559044
0.047141075
0.050049067
0.049242973
0.049136877
0.050051928
0.049571991
0.050060987
0.057901859
0.056746006
0.050232172
0.049409866
0.049795866
0.050992966
0.048118114
0.047837973
0.050497055
0.047348976
0.050100088
0.047855854
0.047982931
0.049080133
0.047502041
0.049652100
0.050326824
0.051111937
0.048011780
0.048223019
0.047699928
0.048428774
0.052273989
0.048553944
0.060240030
0.048896074
0.048083067
0.050632000
0.049212933
0.049177885
0.051926851
0.048435926
0.049302101
0.050698042
0.050001860
0.048514843
0.054980040
0.049293995
0.051584959
0.053158998
0.048281908
0.052386999
0.050848007
0.051637888
0.049038887
0.049019098
0.048763037
0.051531076
0.051623821
0.050496101
0.052255154
0.052603960
0.049482822
0.057129860
0.052156925
0.049148083
0.057781935
0.049133062
0.050714016
0.051146984
0.048865080
0.050218821
0.050198078
0.049491882
0.053769112
0.049418926
0.049843073
0.049782038
0.051216125
0.051169872
0.052789927
0.050529003
0.055189848
0.053385973
0.050055981
0.050850868
0.049563885
0.049705029
0.053018808
0.053724051
0.053876877
0.050197124
0.053279161
0.050137997
0.052306890
0.049709082
0.051228046
0.061112881
0.050529003
0.050085068
0.050326824
0.049657822
