0.000207901
0.000100851
0.000118017
0.000132084
0.000195980
0.000230074
0.000291824
0.000255823
0.000336170
0.000351191
0.000439882
0.000499010
0.000430107
0.000542879
0.000650167
0.000576019
0.000728130
0.000550032
0.000718117
0.000748873
0.000786066
0.000802994
0.000884056
0.001011133
0.000965118
0.000845909
0.001087189
0.001230001
0.001109838
0.001268148
0.001142979
0.001356840
0.001303911
0.001088858
0.001078129
0.001507998
0.001356125
0.001464844
0.001793861
0.001435995
0.001616001
0.001371861
0.001686096
0.001732826
0.001729965
0.001974821
0.001781940
0.001987934
0.001981020
0.002074957
0.002088070
0.001949072
0.002153873
0.001879215
0.002024174
0.001915932
0.002562046
0.002053022
0.002360106
0.002709150
0.002421141
0.002647161
0.002306938
0.003674984
0.002423048
0.002790928
0.002454042
0.002808809
0.002537012
0.002536058
0.002506018
0.002735853
0.002731085
0.002667189
0.003261805
0.002886057
0.002992153
0.002988815
0.003587008
0.003321171
0.002659082
0.003037930
0.002791882
0.003193855
0.002743959
0.003170013
0.003631830
0.003168106
0.003733873
0.003241777
0.003455877
0.003601789
0.003422022
0.003664017
0.003489017
0.004126072
0.003923893
0.003618956
0.003443003
0.004173994
0.003893852
0.004141092
0.004103899
0.003720045
0.003631830
0.003665924
0.004152060
0.004832029
0.004462004
0.003963947
0.004210949
0.005057096
0.003927946
0.004211187
0.003976107
0.003439903
0.003706217
0.004517078
0.004245996
0.004570961
0.004732132
0.005237103
0.004073858
0.004482031
0.004254103
0.004410982
0.004755020
0.004939079
0.004564047
0.003988028
0.005114079
0.005148888
0.005229950
0.005034924
0.004807949
0.005059004
0.005095959
0.005238056
0.005822897
0.005973101
0.006242990
0.005261898
0.005434990
0.005706072
0.005403996
0.005747080
0.005218983
0.006406069
0.005633116
0.005676031
0.005542040
0.005776882
0.006148815
0.005128145
0.005618095
0.005939007
0.006663084
0.005885124
0.006391048
0.006448030
0.005711079
0.005805969
0.006098032
0.006195068
0.005928993
0.005820990
0.006302118
0.005784035
0.006450891
0.006389141
0.006160021
0.006738186
0.005936861
0.006786108
0.006232023
0.005646944
0.005728960
0.006261826
0.005951166
0.005751848
0.006153107
0.006091833
0.006000042
0.007647038
0.006160021
0.006956100
0.006946087
0.006633043
0.006212950
0.006759882
0.006871939
0.006624937
0.006662130
0.006714821
0.007227182
0.007001877
0.007918119
0.006992817
0.008471012
0.006596804
0.006788969
0.007236004
0.007907152
0.007838964
0.008122206
0.007041931
0.007179976
0.008311033
0.008836985
0.006494999
0.006927013
0.007805109
0.007458925
0.009526968
0.007735968
0.007582903
0.009154797
0.008864164
0.009020090
0.008413076
0.007868052
0.007513046
0.007981062
0.008455038
0.008431196
0.009483099
0.007720947
0.008579016
0.007826090
0.007383823
0.009188890
0.007055998
0.007426977
0.008342028
0.009109020
0.009742975
0.007640123
0.007441998
0.007928133
0.007467985
0.007876158
0.007755995
0.007450104
0.008054972
0.007402182
0.008152962
0.008392096
0.008192062
0.008236170
0.009371996
0.009075165
0.008677006
0.008248091
0.008605003
0.008642912
0.008332968
0.008307934
0.009802103
0.010108232
0.009491205
0.010838985
0.008965015
0.010452032
0.008629799
0.009074926
0.009326935
0.010455847
0.008727074
0.010595083
0.010052919
0.008970022
0.008791924
0.010450125
0.008896828
0.010452032
0.009687901
0.009708166
0.008412838
0.009751081
0.009512901
0.010103941
0.010465145
0.010758877
0.009248018
0.008480787
0.009104013
0.011828899
0.009455919
0.009633064
0.009755135
0.009325027
0.011013031
0.009450197
0.010218143
0.009756804
0.010030985
0.009994984
0.011434078
0.009022951
0.009909868
0.011442184
0.009721994
0.011013985
0.010512114
0.012130976
0.010123968
0.011394024
0.009686947
0.009392977
0.010358810
0.010637999
0.010353088
0.010905981
0.010535002
0.010908127
0.013755083
0.011156082
0.012447834
0.011027098
0.010864019
0.013264894
0.011737823
0.010531902
0.012460947
0.011210203
0.011643171
0.011646032
0.011019945
0.010452032
0.010519028
0.011111021
0.011797905
0.011273146
0.010740995
0.010659933
0.010852814
0.010895014
0.010841846
0.011094093
0.011879206
0.011245966
0.011433840
0.010748863
0.012135029
0.012402058
0.011512041
0.011762857
0.012454033
0.011802912
0.012631178
0.012591124
0.012121916
0.011674881
0.011777878
0.011848927
0.012229919
0.012748957
0.012232065
0.011525154
0.013063908
0.011888027
0.012126923
0.012331963
0.012171984
0.012025118
0.017959833
0.011440992
0.017164946
0.013781071
0.014770985
0.011847019
0.012208939
0.013440132
0.013330936
0.016227961
0.015554905
0.018465996
0.012588978
0.013657093
0.013973951
0.013273954
0.012876987
0.013031006
0.013800144
0.013455153
0.012717962
0.015089035
0.012521982
0.014540195
0.012903214
0.016773939
0.014942169
0.014338017
0.012536049
0.015316963
0.013763905
0.013374090
0.013013124
0.013330936
0.015700102
0.013051987
0.013863087
0.013277054
0.013076067
0.013088226
0.013252020
0.017533064
0.017421007
0.015823126
0.013715029
0.015568018
0.015769005
0.013159037
0.016843081
0.015240908
0.013807058
0.015442133
0.016288996
0.013648033
0.016815186
0.014165878
0.013894081
0.014021158
0.013669014
0.014352083
0.014254093
0.014020920
0.013992071
0.014519930
0.015594006
0.013588905
0.014010906
0.014206171
0.014954090
0.017132998
0.014518023
0.014761925
0.017001152
0.015509844
0.014762878
0.015769958
0.015174866
0.014692068
0.014898062
0.014470100
0.018221855
0.015396833
0.014863014
0.015044212
0.015482187
0.015192986
0.015897989
0.019622087
0.014452934
0.014737844
0.015190840
0.015976906
0.014668226
0.015285969
0.016144037
0.014183998
0.015886068
0.015334845
0.014659166
0.015255928
0.015057087
0.015003920
0.015341997
0.018782854
0.019758940
0.018157005
0.015193939
0.015761137
0.016754150
0.016368151
0.015491962
0.015779018
0.015176058
0.016225100
0.017570972
0.016677141
0.016034126
0.015902042
0.016445875
0.016399145
0.015376091
0.015611887
0.015618086
0.015985966
0.024263144
0.015892982
0.016387939
0.018128872
0.019043922
0.016777992
0.018589020
0.017031908
0.016208172
0.016168118
0.017362833
0.020743132
0.016732931
0.021274090
0.018757105
0.016268015
0.018138885
0.016920090
0.017439127
0.021191835
0.017486095
0.024366856
0.019169092
0.019009829
0.018334150
0.019909143
0.016427994
0.017283916
0.016781092
0.021473885
0.017363787
0.019995928
0.017315865
0.017541885
0.016158104
0.017304182
0.018548965
0.018806934
0.017404079
0.017657995
0.017786026
0.018193007
0.018154144
0.018522978
0.018748999
0.020264864
0.018133879
0.017987967
0.018140078
0.018098116
0.017860889
0.018357038
0.018560886
0.018866062
0.018718958
0.017828941
0.020779133
0.018325090
0.018394947
0.021878004
0.017704964
0.018128157
0.022114992
0.018797159
0.021238089
0.023267984
0.022742987
0.018548012
0.018811941
0.017400980
0.018368006
0.018580914
0.020042181
0.018836975
0.018980980
0.019505024
0.019441128
0.020233870
0.019270897
0.020010948
0.019807100
0.019173145
0.019109964
0.018764973
0.018778086
0.018916845
0.018929005
0.020171165
0.018008947
0.018290997
0.018975019
0.019545078
0.021533012
0.019690037
0.018951893
0.019032001
0.018447876
0.020839930
0.018168211
0.017758131
0.018123865
0.019793987
0.018163919
0.019211054
0.018023014
0.018906832
0.019415140
0.019297838
0.021567106
0.019522905
0.019261122
0.019577026
0.019034147
0.019767046
0.019969940
0.021306992
0.019852161
0.019636869
0.021059990
0.019992113
0.020888090
0.019100904
0.020815134
0.020576000
0.019336939
0.019711018
0.019859076
0.020478964
0.020354033
0.019238949
0.018412113
0.020449162
0.020921946
0.021018982
0.020334005
0.020413876
0.020910978
0.021069050
0.020308971
0.020488024
0.022264004
0.021092892
0.019962072
0.019803047
0.021426201
0.023281097
0.021166086
0.019293070
0.019666910
0.025909901
0.021842003
0.022114992
0.020894051
0.021727085
0.021509171
0.022118807
0.020571947
0.024328947
0.021076202
0.021688223
0.022339106
0.022374868
0.021947145
0.022338867
0.022754908
0.021574974
0.021566153
0.021348953
0.021444082
0.021466017
0.021872044
0.021569014
0.022933006
0.022081852
0.021734953
0.022825003
0.020963907
0.024270058
0.028134823
0.021018028
0.022629976
0.024842024
0.021632910
0.020439863
0.020469904
0.022186995
0.022773981
0.021690130
0.022085905
0.023155928
0.023159981
0.022278070
0.023937941
0.024908066
0.022327900
0.023370028
0.021970034
0.023810148
0.023555994
0.022774935
0.022204161
0.021832943
0.022295952
0.021686077
0.021385908
0.024442911
0.022391081
0.023190975
0.022766113
0.024105072
0.022738934
0.028205872
0.024239063
0.023298025
0.023298025
0.025233030
0.022903919
0.023512125
0.025587082
0.024322987
0.024905920
0.024464846
0.024899006
0.024588823
0.024410009
0.025397062
0.023864985
0.024090052
0.025523186
0.023092985
0.023340940
0.024074078
0.023179054
0.025861025
0.024212122
0.025358915
0.023068905
0.022834063
0.027120113
0.025048971
0.023366928
0.026050091
0.025465965
0.026468992
0.024564981
0.024440050
0.026190996
0.023947001
0.025211096
0.027173996
0.023833990
0.031104088
0.025346041
0.024925947
0.025913000
0.024948120
0.026082993
0.032503128
0.025234938
0.024829149
0.028171062
0.024691820
0.024366856
0.025724888
0.026550055
0.025498867
0.024903059
0.032794952
0.026287079
0.024443865
0.024174929
0.024672985
0.029958963
0.025115967
0.025182962
0.025571108
0.025193930
0.025007010
0.026638985
0.024939060
0.024621964
0.032226086
0.024160147
0.023776054
0.026184082
0.026010036
0.027261019
0.026016235
0.026607990
0.026100159
0.027161121
0.027862072
0.027510166
0.024757147
0.035047054
0.031538010
0.030413151
0.025873184
0.029151917
0.027759075
0.028856039
0.028815031
0.025048018
0.031859875
0.027143955
0.025590181
0.027702093
0.025684118
0.025523901
0.033182859
0.026355982
0.026449919
0.035981178
0.026627779
0.026825905
0.027041912
0.026877880
0.031458855
0.026306868
0.026120186
0.028894901
0.026422977
0.026279926
0.026004076
0.026318073
0.027205944
0.027315140
0.026190996
0.027936935
0.027112961
0.026963949
0.030465126
0.027079105
0.027898073
0.027300119
0.026190996
0.027383089
0.028743982
0.028574944
0.028192997
0.029194117
0.028213024
0.027642965
0.028156996
0.026386976
0.026562929
0.027163029
0.027412891
0.033175945
0.033761978
0.028036833
0.027765036
0.028033972
0.029024124
0.028318167
0.027898073
0.026988983
0.032119036
0.028205872
0.028774023
0.028582811
0.038383007
0.028995991
0.034400940
0.037889004
0.029946089
0.029060841
0.027170897
0.027594805
0.026931047
0.034368992
0.029309988
0.029246092
0.028737068
0.029537201
0.034078836
0.025702953
0.027889967
0.026591063
0.038959980
0.028425932
0.028235912
0.028497934
0.027897835
0.029840946
0.030230999
0.030489922
0.029232979
0.028520107
0.030853987
0.029913902
0.030483961
0.026350021
0.030521154
0.027631998
0.028883934
0.030726910
0.028869867
0.030860901
0.032273054
0.029575109
0.029587984
0.034262896
0.030411005
0.041859865
0.029339075
0.030564070
0.029077053
0.029798985
0.032497883
0.039422035
0.029128075
0.029753923
0.030567884
0.028695107
0.031080008
0.030937910
0.027801991
0.030730963
0.029592991
0.029663086
0.028223038
0.028562069
0.032048941
0.029097795
0.028626919
0.037461996
0.028522015
0.028759003
0.029154062
0.038824797
0.028947830
0.030524015
0.028345108
0.030183077
0.030788183
0.030386925
0.039845943
0.033190012
0.039003849
0.029584885
0.037849903
0.030042171
0.029680014
0.030427933
0.027905941
0.031970024
0.028475046
0.030879021
0.038735867
0.028612137
0.036310911
0.031651020
0.030284882
0.029254198
0.028754950
0.037933111
0.029862165
0.037909031
0.029035807
0.030546904
0.030405045
0.030829906
0.032446146
0.039335966
0.031015873
0.031124115
0.031278133
0.030776024
0.030841827
0.034785986
0.037850857
0.031455994
0.035435200
0.031185865
0.030797958
0.031021118
0.030661106
0.031169891
0.038846016
0.030144930
0.028453112
0.029226065
0.029097080
0.030883074
0.031431913
0.037919044
0.041336060
0.036793947
0.042093039
0.038302898
0.031594992
0.032018900
0.030220985
0.031105042
0.039916992
0.031688213
0.030171871
0.031335831
0.029546022
0.030308008
0.030381918
0.030467987
0.030992985
0.039569855
0.039510012
0.029629946
0.033474922
0.031764030
0.032387972
0.031404972
