0.000049829
0.000080109
0.000146866
0.000161886
0.000209093
0.000241995
0.000268936
0.000239849
0.000272036
0.000301838
0.000337124
0.000425100
0.000391960
0.000671864
0.000448942
0.000613928
0.000622034
0.000667095
0.000798941
0.000615835
0.000750065
0.000908852
0.000896931
0.000938177
0.000905037
0.000962973
0.001174927
0.000998020
0.001218081
0.001204967
0.001360178
0.001228809
0.001025915
0.001363039
0.001536131
0.001430988
0.001389980
0.001471043
0.001257896
0.001771927
0.001887083
0.001399994
0.001703978
0.001993895
0.001868963
0.001832962
0.001816988
0.001725912
0.001617908
0.001645088
0.002063036
0.002065182
0.001940966
0.002238989
0.002406836
0.002480984
0.002303123
0.002393961
0.002207994
0.002849102
0.002526999
0.002434969
0.002321005
0.002912045
0.002464056
0.002197981
0.002445936
0.002969027
0.003026962
0.002892971
0.002919197
0.002834082
0.002918005
0.002531052
0.002487183
0.003143787
0.003065109
0.002443075
0.003099918
0.002912045
0.002574921
0.002759933
0.003103018
0.003391981
0.002928019
0.003285885
0.003666878
0.003149986
0.003545046
0.002882957
0.002974987
0.003738880
0.003265858
0.003232002
0.003278017
0.003436804
0.004400969
0.003497839
0.003877163
0.003238916
0.003473997
0.003546000
0.003235817
0.003805161
0.004069090
0.004033089
0.004702091
0.004189014
0.004487991
0.004101038
0.004861116
0.004095078
0.004257917
0.004068851
0.004167080
0.004463196
0.003950834
0.004282951
0.004388094
0.004240036
0.004053116
0.004270077
0.004298925
0.005016088
0.005397081
0.004716873
0.004986048
0.004915953
0.004913092
0.005661011
0.004894972
0.005700111
0.005249977
0.004770041
0.005326033
0.005172014
0.005610943
0.005681038
0.006146908
0.004433155
0.005853176
0.004750967
0.004903078
0.004565954
0.005234957
0.005584002
0.004976034
0.005874872
0.004766941
0.004541874
0.005047083
0.005418062
0.006219149
0.005784988
0.005238056
0.005203009
0.005250931
0.005694151
0.006108999
0.007246017
0.005639076
0.005740881
0.007385015
0.007120848
0.007032871
0.007005930
0.007161856
0.006012917
0.006305933
0.007828951
0.006330967
0.006025076
0.006056070
0.005871058
0.005936146
0.007564068
0.006578922
0.005479097
0.006325960
0.006493807
0.005998850
0.005965948
0.005926132
0.006195068
0.006392956
0.006535053
0.006541014
0.008588076
0.005828142
0.006599903
0.006184101
0.006947994
0.006567955
0.006632090
0.007034063
0.008679152
0.006552935
0.007122993
0.006551981
0.006482840
0.007395029
0.006726980
0.006180048
0.006973028
0.008874893
0.007882118
0.007423162
0.007133961
0.006855011
0.007157087
0.007559061
0.006905079
0.007861137
0.006724834
0.007725000
0.007637978
0.007149935
0.008084059
0.007207155
0.006989956
0.007622004
0.007768869
0.007333994
0.009202003
0.007898092
0.007498026
0.007580996
0.007560015
0.008003950
0.009298086
0.008363008
0.007740974
0.008866072
0.008122921
0.008714914
0.008244038
0.009665966
0.009927988
0.009106159
0.008629799
0.008723021
0.007851124
0.008107901
0.007763863
0.008255959
0.008318901
0.010886192
0.008855104
0.009060860
0.008579016
0.007498026
0.007966042
0.009982109
0.008042097
0.008251190
0.009151936
0.008911133
0.009320021
0.008578062
0.008896828
0.008925915
0.007945061
0.008472919
0.008085966
0.008723021
0.008434057
0.008339882
0.010607958
0.010875225
0.009368181
0.008323908
0.008460045
0.008451939
0.008615971
0.008989096
0.008518934
0.008687019
0.008853912
0.008909941
0.008234978
0.008882999
0.010652065
0.008368015
0.010680914
0.009032011
0.009351969
0.009421110
0.008738041
0.008994102
0.008636951
0.009153843
0.008909941
0.009181023
0.009100914
0.009077072
0.010758877
0.009665966
0.010396004
0.010508060
0.011494875
0.009641171
0.009713888
0.011259079
0.012840986
0.013851881
0.009910822
0.011048079
0.010765076
0.011170864
0.011483908
0.011069059
0.010337114
0.011729956
0.009268045
0.010922194
0.010654926
0.010766029
0.010289192
0.009730816
0.009891987
0.010998964
0.012379885
0.010701895
0.011873007
0.012568951
0.012511969
0.009896040
0.010499954
0.012454033
0.011084795
0.011581182
0.014436960
0.011561155
0.011132956
0.011327982
0.010171890
0.011054993
0.011017084
0.010589123
0.010737181
0.013652802
0.011262894
0.011451960
0.012824059
0.015156031
0.013355970
0.011615038
0.010154963
0.011160135
0.010751009
0.010365009
0.011257887
0.011054039
0.011469841
0.011405945
0.012260199
0.012874126
0.011502981
0.015113831
0.015664101
0.013000965
0.010902882
0.014830112
0.014252901
0.011570930
0.013356924
0.014604092
0.010857105
0.013211012
0.013736963
0.012476921
0.011162996
0.011990070
0.012158871
0.013298988
0.011260033
0.014631987
0.012907982
0.013018131
0.012668848
0.013508081
0.012908220
0.012422085
0.012503862
0.011895895
0.012250185
0.012701988
0.012991905
0.015760899
0.012787819
0.012357950
0.014979839
0.013760090
0.012476921
0.013667107
0.017081976
0.012692928
0.015259981
0.015639782
0.014317989
0.016793013
0.013591051
0.012989044
0.016098976
0.017175913
0.012669086
0.013283014
0.013300896
0.013983965
0.014182806
0.012248039
0.013726950
0.014372110
0.012585878
0.013186932
0.013818026
0.013935089
0.013344049
0.014437914
0.015787125
0.014517784
0.016113043
0.016644001
0.012585163
0.014682055
0.015288830
0.014845133
0.014283895
0.013793945
0.014028072
0.013762951
0.013816118
0.014420986
0.016088009
0.014135122
0.013531923
0.014457226
0.013906002
0.013917923
0.015002012
0.014185190
0.014640093
0.014684916
0.014933109
0.014966011
0.014899969
0.014189005
0.013780832
0.015105963
0.014595985
0.015929937
0.015596151
0.014265060
0.014386892
0.018807888
0.015765905
0.016175032
0.013880968
0.021687984
0.015554905
0.015462160
0.015950918
0.015905142
0.014580011
0.015787125
0.015529156
0.015424013
0.015614986
0.014467955
0.018692017
0.014562845
0.015166044
0.015521049
0.015928030
0.015618086
0.015039921
0.015304804
0.015588045
0.016551971
0.015898943
0.015218019
0.015753031
0.016916037
0.018360138
0.020001888
0.016235113
0.016000986
0.015681028
0.016237020
0.016130924
0.016413927
0.020919085
0.020498037
0.018645048
0.018445015
0.016216993
0.019957066
0.015298128
0.017600060
0.016901970
0.016111135
0.016532898
0.019191027
0.016594172
0.020005941
0.015243053
0.019725084
0.018975973
0.016772985
0.016727924
0.016618967
0.016093969
0.018934965
0.021496058
0.018226862
0.015965939
0.016192198
0.016457081
0.016871214
0.017329931
0.018270969
0.016926050
0.017663002
0.019326925
0.016998053
0.019906998
0.017112017
0.016840935
0.016808987
0.016093969
0.017083168
0.015752077
0.017534018
0.017158031
0.017811775
0.020627975
0.018496037
0.018695116
0.018879890
0.017169952
0.018100023
0.017601967
0.017512083
0.020059109
0.018568993
0.017864943
0.018806934
0.018106937
0.020271063
0.020231962
0.018625021
0.017858982
0.018284082
0.023343086
0.019444942
0.017627954
0.017621040
0.018712044
0.018918037
0.018725872
0.019338131
0.019249916
0.021543980
0.017616987
0.020064116
0.018531084
0.019273996
0.020254135
0.018472910
0.019477844
0.019113064
0.018558025
0.019063950
0.026204824
0.022840977
0.019002914
0.019016981
0.018651962
0.018172026
0.019124031
0.019527197
0.018990993
0.020064116
0.022884130
0.018927813
0.018594980
0.019210100
0.020013809
0.019426823
0.019390106
0.019413948
0.018527031
0.018026829
0.019268036
0.018865108
0.022742033
0.020617962
0.020229101
0.020589113
0.018733978
0.020972013
0.020920992
0.021870852
0.020900965
0.021168947
0.021043062
0.018994093
0.020908833
0.021224976
0.019647837
0.019313097
0.021427870
0.019814968
0.021692038
0.020543098
0.024610996
0.020817041
0.021642923
0.021745205
0.020112991
0.023203135
0.020792961
0.020711899
0.023585081
0.019912958
0.020627975
0.019043922
0.020207167
0.021912098
0.020708084
0.023014069
0.021543980
0.022187948
0.021535158
0.020465851
0.020129204
0.020391941
0.020556927
0.019761086
0.025302887
0.020863056
0.021302938
0.020866156
0.020773888
0.021486998
0.021131992
0.021003008
0.022561073
0.022449017
0.031727076
0.023555040
0.029757977
0.022887230
0.021142006
0.021459103
0.019894123
0.023983002
0.021774054
0.021802902
0.023385048
0.021382093
0.021438122
0.021202087
0.020273209
0.020715952
0.022068977
0.020756006
0.024178982
0.024669886
0.025426149
0.023300886
0.023050070
0.030942917
0.024932861
0.030622005
0.022825956
0.024730921
0.021773100
0.021854162
0.023201942
0.023996830
0.021673918
0.024117947
0.025127888
0.023622036
0.022007942
0.027324200
0.022798061
0.023636818
0.022900105
0.025092125
0.029240131
0.023081779
0.023077965
0.023190975
0.022440910
0.021971941
0.022687197
0.021815062
0.025714874
0.026906013
0.023652077
0.024142027
0.025615931
0.023702860
0.023356915
0.025192976
0.023921013
0.024740934
0.025189877
0.023350954
0.026283979
0.024595976
0.021842003
0.022671938
0.023931026
0.024301052
0.023437977
0.023641109
0.022370100
0.022037029
0.024266005
0.022528887
0.023230076
0.028414965
0.025024176
0.025428057
0.022736073
0.023955107
0.030864954
0.024544001
0.023815870
0.024309874
0.025784016
0.024729013
0.024242163
0.025789022
0.024419069
0.026754856
0.024906158
0.023957968
0.023288012
0.023202181
0.023177147
0.026862144
0.024809122
0.025105000
0.033219099
0.025960922
0.025871992
0.023973942
0.027163982
0.026405096
0.026584864
0.028913975
0.025316000
0.024379969
0.026411057
0.023912191
0.025629997
0.026744127
0.026623964
0.024858952
0.026419878
0.025116920
0.024580956
0.024309874
0.027936935
0.025224924
0.025819063
0.032195807
0.024993896
0.025603056
0.025055885
0.025034904
0.034873962
0.023826122
0.025415897
0.025007010
0.025584936
0.026441813
0.025110006
0.025587082
0.025361061
0.024899006
0.024379969
0.024804831
0.025533199
0.026331902
0.026530027
0.025226116
0.025485039
0.024263859
0.025160789
0.025182962
0.024870872
0.025544167
0.025787115
0.025725842
0.025438786
0.025413990
0.024144888
0.026182890
0.026069880
0.025454998
0.025901079
0.032613039
0.025230885
0.026551008
0.031933069
0.025897026
0.027553797
0.027255058
0.026495934
0.026675940
0.025810003
0.025583029
0.032412052
0.024785042
0.032593966
0.032871962
0.025619984
0.027145863
0.026020050
0.033365011
0.025517941
0.025338888
0.033006191
0.026202917
0.026955128
0.026420832
0.035309076
0.025882006
0.027173996
0.026998997
0.028927088
0.027770996
0.027133942
0.025741100
0.026063204
0.026328087
0.027129173
0.035409927
0.033200026
0.028491020
0.026006937
0.026532173
0.026219130
0.026513100
0.026339054
0.027101040
0.027673006
0.027347803
0.026808023
0.026966810
0.035220861
0.025934935
0.026427031
0.025456905
0.025264978
0.033969879
0.033881903
0.026690960
0.026045799
0.039830923
0.026087046
0.025841951
0.027638912
0.030322075
0.027297974
0.028177977
0.027704000
0.026996136
0.036132097
0.026442051
0.029707909
0.025946856
0.028541088
0.028466940
0.030233145
0.026618004
0.026720047
0.026932001
0.028548956
0.027162075
0.028468132
0.028108120
0.028089046
0.028069973
0.028418064
0.028731108
0.026532888
0.026930809
0.027673006
0.027902126
0.031521082
0.027349949
0.028116941
0.027279139
0.032727003
0.028594017
0.028798819
0.028964043
0.029895067
0.027853012
0.028473854
0.027969837
0.030615091
0.030617952
0.028417110
0.028637171
0.029046059
0.028759956
0.027796030
0.028029919
0.027778149
0.028378010
0.028597832
0.027829170
0.030815840
0.029847860
0.027958155
0.028285980
0.033030987
0.036029100
0.032177925
0.030943871
0.034780979
0.034281969
0.028586149
0.035703897
0.029154062
0.028290033
0.029285908
0.028018951
0.028327942
0.030088902
0.032386065
0.029359818
0.027961969
0.028318882
0.043207884
0.030029058
0.028756142
0.028739214
0.028869152
0.027701855
0.027430058
0.030542135
0.035971165
0.028489113
0.027618170
0.030409098
0.029139996
0.028938055
0.029685020
0.028009892
0.037483931
0.028138876
0.028240919
0.029991865
0.036804199
0.036618948
0.028245926
0.031618118
0.028337955
0.028486967
0.028303862
0.029657841
0.037629843
0.031590939
0.031884193
0.027933121
0.030097961
0.028687000
0.028540134
0.032140017
0.028108120
0.032065868
0.030389071
0.032893896
0.029291868
0.031213999
0.029643059
0.029320002
0.028757811
0.029869795
0.028496981
0.037765026
0.029777050
0.032992840
0.033261061
0.028566837
0.031611919
0.034898043
0.029829025
0.030546904
0.037944078
0.038069963
0.030017138
