0.000061989
0.000083923
0.000117064
0.000159979
0.000196934
0.000259876
0.000264883
0.000309944
0.000396967
0.000351906
0.000406981
0.000406027
0.000471115
0.000419140
0.000531912
0.000574827
0.000722885
0.000789165
0.000596046
0.000752926
0.000771999
0.000819921
0.001010895
0.000926018
0.000926971
0.000922203
0.000967979
0.000892878
0.001052856
0.001100063
0.001140833
0.001264095
0.001036167
0.001348019
0.001237869
0.001111031
0.001188993
0.001299143
0.001758814
0.001583099
0.001758814
0.001744032
0.002152920
0.001609087
0.001436949
0.002089977
0.001837969
0.001605034
0.001461983
0.001818895
0.001646996
0.001702070
0.002344131
0.002151012
0.002096176
0.002298117
0.002001047
0.002260208
0.002047062
0.002943039
0.002349854
0.002109051
0.002109051
0.002301931
0.003149986
0.002484083
0.002610207
0.002529860
0.002648830
0.002133846
0.003134012
0.002920866
0.002923012
0.002617121
0.002715826
0.002848864
0.002908945
0.003261089
0.002501011
0.003129005
0.003098965
0.003345013
0.002952099
0.003119946
0.003120899
0.003355980
0.003870010
0.003604889
0.003305912
0.003660917
0.003157139
0.003453970
0.003407955
0.003626108
0.003554106
0.003072977
0.004070044
0.003566027
0.003444910
0.004288912
0.003792048
0.003328085
0.003118038
0.004618168
0.003943920
0.003793955
0.003909111
0.004474163
0.003498077
0.003930092
0.004168987
0.004264116
0.003989935
0.003777981
0.004421949
0.004398108
0.004052877
0.004191875
0.004289150
0.004498005
0.004859924
0.005175114
0.004172087
0.004555941
0.005365849
0.004419088
0.005533934
0.004396200
0.004828215
0.004595041
0.004759073
0.004444122
0.004531860
0.004899979
0.005285025
0.004367828
0.004515886
0.004935980
0.005269051
0.004913807
0.004716873
0.005100012
0.005052805
0.004848957
0.005692005
0.005138159
0.005479097
0.005913973
0.005216122
0.005719185
0.005407095
0.005424976
0.005369902
0.006178141
0.005061865
0.006298065
0.006184101
0.006684065
0.006184101
0.005614042
0.006018877
0.006435156
0.006021023
0.006050110
0.006912947
0.007318974
0.005479813
0.006521940
0.006026030
0.005995989
0.006740808
0.006672859
0.007054090
0.006567001
0.007220984
0.006324768
0.005851030
0.006477118
0.006703138
0.005738974
0.007409096
0.007636070
0.007199049
0.006246090
0.006146908
0.007611036
0.007498980
0.006440163
0.006805897
0.007148027
0.006623983
0.006912947
0.006814003
0.006965160
0.006644011
0.007132053
0.006915092
0.006320953
0.006819010
0.006708860
0.006779909
0.007049084
0.007808924
0.007001877
0.007319927
0.007085085
0.008676052
0.007112026
0.007699013
0.006843090
0.007831097
0.007441044
0.007953882
0.006699800
0.006831169
0.008520126
0.007585049
0.007345200
0.007931948
0.007483959
0.008352041
0.008443117
0.008097887
0.007930040
0.008032084
0.007001162
0.007271051
0.007730961
0.009517908
0.007050037
0.007488966
0.007772923
0.007986069
0.010643005
0.008627892
0.008563042
0.008397102
0.007809162
0.007730961
0.007735968
0.009523869
0.012426138
0.008527040
0.009985209
0.008312941
0.008488894
0.007924080
0.008115053
0.008784056
0.012221098
0.008127928
0.008274078
0.010203123
0.007962942
0.008504152
0.008812904
0.008587122
0.008485794
0.009119987
0.009471178
0.009271860
0.011523962
0.009260178
0.008453846
0.009088039
0.009257078
0.011162043
0.009188890
0.008984089
0.009377956
0.008981943
0.010160923
0.011049986
0.008713007
0.011307955
0.009271145
0.009028912
0.009730816
0.009206057
0.009423971
0.009347916
0.010817051
0.009580851
0.011764050
0.009362221
0.009320021
0.011605978
0.010071993
0.010296106
0.011703014
0.010957956
0.009737015
0.009602070
0.010429144
0.010538101
0.010120153
0.009919167
0.011430979
0.009645939
0.010974884
0.009341955
0.010439873
0.010283947
0.009505987
0.012154102
0.011425972
0.010601044
0.011182785
0.011946917
0.012660980
0.012098074
0.009630203
0.010056973
0.011031151
0.011669159
0.011000156
0.011474848
0.012369871
0.009869099
0.012812853
0.010826111
0.010222197
0.009596109
0.010434866
0.009964943
0.010136127
0.010437012
0.010045052
0.010288954
0.009749889
0.010533094
0.010717154
0.011619091
0.009823084
0.010787964
0.010066986
0.010360003
0.010380983
0.010422945
0.010910034
0.010815144
0.012719870
0.010998964
0.011233091
0.010694981
0.013881922
0.011083841
0.013902903
0.013359070
0.014065027
0.012427092
0.011141062
0.011656046
0.011256933
0.010954142
0.011533022
0.013828039
0.011326790
0.014929056
0.011638165
0.011482954
0.012169123
0.011991978
0.012728930
0.010854959
0.011862993
0.012767076
0.013656139
0.013355970
0.011738062
0.014703989
0.013453007
0.012249947
0.013064861
0.012777805
0.011653185
0.012897968
0.012470961
0.013077974
0.013163090
0.012603045
0.012701988
0.012992859
0.013153076
0.012503147
0.012793064
0.012043953
0.012992859
0.012401104
0.013286114
0.012039900
0.013229132
0.011932135
0.012233019
0.012540817
0.012989998
0.013721943
0.016270161
0.013334990
0.012876034
0.015362978
0.016214132
0.013679981
0.012889147
0.012861967
0.013745070
0.013924122
0.013277054
0.012717962
0.014067888
0.014770985
0.014480114
0.012215137
0.014152050
0.013254166
0.016837835
0.013643026
0.012847900
0.012452126
0.018543005
0.014456987
0.016839981
0.014359951
0.014402866
0.014374971
0.014731884
0.014276981
0.014227867
0.012669086
0.014199018
0.013079166
0.016782999
0.013870001
0.013662100
0.014605045
0.015833139
0.013776064
0.013837099
0.013529062
0.017010927
0.015013933
0.013233900
0.013835907
0.015488148
0.014454842
0.014576912
0.014991999
0.016307116
0.017235041
0.015758038
0.017144918
0.014621973
0.015843153
0.015172958
0.013774872
0.018854141
0.018049002
0.014060020
0.014577150
0.016262054
0.017560005
0.014096022
0.014651060
0.013617039
0.015902042
0.015779018
0.013916969
0.016757965
0.015771866
0.015383005
0.015654087
0.015712023
0.014284134
0.014552116
0.015185118
0.015612125
0.017160892
0.015957117
0.015655041
0.015733957
0.016216993
0.016138077
0.016118050
0.016576052
0.014937162
0.017390013
0.016644955
0.016217947
0.016552925
0.018437147
0.017268181
0.016576052
0.016285896
0.017006874
0.018524885
0.018672943
0.018565893
0.016349077
0.016714096
0.015588999
0.018543005
0.016367912
0.016019106
0.019491911
0.017220020
0.019658089
0.015151978
0.016521215
0.016644955
0.017045975
0.021131992
0.016055107
0.017750978
0.016791105
0.017771006
0.016834021
0.016799212
0.017915010
0.018701792
0.017213106
0.018853903
0.018407822
0.017534018
0.017562151
0.016767979
0.016429901
0.017583132
0.017817974
0.016989946
0.017981052
0.017066002
0.018143177
0.016353846
0.020580053
0.016714096
0.018144131
0.016716957
0.016684055
0.017241955
0.018084049
0.019906044
0.021644115
0.016798973
0.023247004
0.021768093
0.023126841
0.017380953
0.016880989
0.018674850
0.021643877
0.018358946
0.022936106
0.021782875
0.026152849
0.018870115
0.017013073
0.018941879
0.019629955
0.020550966
0.020412922
0.018749952
0.017520905
0.018717051
0.020169973
0.019685984
0.017791033
0.017876863
0.017491102
0.018298864
0.017709970
0.018512011
0.018769979
0.018746138
0.019721031
0.024652958
0.018976927
0.019857883
0.018116951
0.018934011
0.020258904
0.023185015
0.018851042
0.017478943
0.018548965
0.021428108
0.020922899
0.021013975
0.023342133
0.018393040
0.018433809
0.018342972
0.019337893
0.018619061
0.020450115
0.020857811
0.018687010
0.027093887
0.019365072
0.025519848
0.021301985
0.025210142
0.019001961
0.018931866
0.019181967
0.020005941
0.019090176
0.022052050
0.018978834
0.019456148
0.021878004
0.024256945
0.022861958
0.019104004
0.019757986
0.023404121
0.019379139
0.019452095
0.018936157
0.019421101
0.019448996
0.021508932
0.024019957
0.020612001
0.019842863
0.019936085
0.025107145
0.019318819
0.019324064
0.019690990
0.025463820
0.019530058
0.020294905
0.021311998
0.021018982
0.020517826
0.022269011
0.021795988
0.022162914
0.021249056
0.021454096
0.022253990
0.027365923
0.022862911
0.022049904
0.021067858
0.021348953
0.022825003
0.020879984
0.020771027
0.022973061
0.026571989
0.021080971
0.022538185
0.022156954
0.022902966
0.020591021
0.022581816
0.021378040
0.028881073
0.025233984
0.020081043
0.022947073
0.021298885
0.020888090
0.020737171
0.021000862
0.020911932
0.026633978
0.020305157
0.021157026
0.020962954
0.020601988
0.023437977
0.022301912
0.028314114
0.024345160
0.022050142
0.021856070
0.021178007
0.022415161
0.021965981
0.022182941
0.022238970
0.021655798
0.023674965
0.021914005
0.021748066
0.022583961
0.021630049
0.022356033
0.030101061
0.022904873
0.027551889
0.023691893
0.024848938
0.022478104
0.022583961
0.022444963
0.024592876
0.024673223
0.023930073
0.024935961
0.024506807
0.024626970
0.025418043
0.023706913
0.026430130
0.023849010
0.024486065
0.025780201
0.023452997
0.025956154
0.025261164
0.023587942
0.022928953
0.030032873
0.023013115
0.022976160
0.024353027
0.023303032
0.024451971
0.025686026
0.030827999
0.026196957
0.026052952
0.024191856
0.023835897
0.031481981
0.025243998
0.023535013
0.023210049
0.023679972
0.024204016
0.027240992
0.025042057
0.024631023
0.027464867
0.029787064
0.025683880
0.025120020
0.024926901
0.023092031
0.026394129
0.025063038
0.026803017
0.025853872
0.027128935
0.025805950
0.025791168
0.025493145
0.023126841
0.028800011
0.026884079
0.023246050
0.024228096
0.023619175
0.025098801
0.024960995
0.027193069
0.025440216
0.033653975
0.023686886
0.023510933
0.030993938
0.030690908
0.027311087
0.026072025
0.027082205
0.025337934
0.024616957
0.025362968
0.025578976
0.033241034
0.031900167
0.034024000
0.026098967
0.032656908
0.028109074
0.026464939
0.027789116
0.024572134
0.027785063
0.024758101
0.026753902
0.024914980
0.025586128
0.024247169
0.025073051
0.025538921
0.025613070
0.024149179
0.024615049
0.025646925
0.025246143
0.026654005
0.025949001
0.026473999
0.024846077
0.025182009
0.027144909
0.024474859
0.034003973
0.025734901
0.027214050
0.025229931
0.025420904
0.025817871
0.030796051
0.034422159
0.025166988
0.033987999
0.029115915
0.025890112
0.027970076
0.024961948
0.027442932
0.025646210
0.025837183
0.026937962
0.028653860
0.026183844
0.025137901
0.027323961
0.027115107
0.025525093
0.028697014
0.032075882
0.033073187
0.026200056
0.027102947
0.026444912
0.026461124
0.026140928
0.027498960
0.039532900
0.028098106
0.027683020
0.026371956
0.025989056
0.027199030
0.026389837
0.025431156
0.030626059
0.026819944
0.027742147
0.025678873
0.025929928
0.033593893
0.027369976
0.027319908
0.027785063
0.027948856
0.031076193
0.026833773
0.027920008
0.035590172
0.036088943
0.027058840
0.027082920
0.027388811
0.026712894
0.037784100
0.027469873
0.026951075
0.027068853
0.028289080
0.026774168
0.027445078
0.026855946
0.027838945
0.026916981
0.034168005
0.032262087
0.033072948
0.030435085
0.026868105
0.027801991
0.036301136
0.027468920
0.027510881
0.029922962
0.028250933
0.037280083
0.028058052
0.032743931
0.026811123
0.027451992
0.033753157
0.028968811
0.035166979
0.029128075
0.035454988
0.031311989
0.036597013
0.038475037
0.028023958
0.027572870
0.027462006
0.028347015
0.030714035
0.029000998
0.031584024
0.027043104
0.029581785
0.028823137
0.027643919
0.029329062
0.027015209
0.028522015
0.031250000
0.029772043
0.028061152
0.032330990
0.027271032
0.031997919
0.037517071
0.029706001
0.028958082
0.029718876
0.029711008
0.032079935
0.028564930
0.027846098
0.028226137
0.029492140
0.028324127
0.032845974
0.028811932
0.035496950
0.030804873
0.037297964
0.036188841
0.027728081
0.030219078
0.029063940
0.029196024
0.033113956
0.028151035
0.029542923
0.030508041
0.027890921
0.033941031
0.028576136
0.036112070
0.027987003
0.028721094
0.034497976
0.029928923
0.032752991
0.027459145
0.032519102
0.028604984
0.036727905
0.036503077
0.027970076
0.031811953
0.030432940
0.029139996
0.028736830
0.032197952
0.028321981
0.027552128
0.028253078
0.028254032
0.030008078
0.028719902
0.037520170
0.030541897
0.029874802
0.033704996
0.031313896
0.035305977
0.029224873
0.029097080
0.029685974
0.037693977
0.031990767
0.029953003
0.029694080
0.033835888
0.029344082
0.028914928
0.031538963
0.029748917
0.029510975
0.029752016
0.030701876
0.028769970
0.035027027
0.029933929
0.030435085
0.037976027
0.037178040
0.029958963
0.031793833
0.031435966
0.031002998
0.031192064
0.031511068
0.031428814
