0.000059128
0.000084877
0.000142813
0.000160933
0.000219822
0.000231028
0.000214100
0.000289917
0.000322819
0.000370026
0.000411987
0.000444889
0.000457048
0.000529766
0.000607967
0.000764132
0.000832081
0.000704050
0.000733852
0.000849009
0.000874996
0.000787973
0.000923872
0.001068115
0.001008987
0.001051188
0.000963926
0.000859976
0.001044989
0.001065016
0.000979185
0.001242876
0.001253843
0.001245975
0.001347065
0.001346111
0.001517057
0.001470089
0.001670837
0.001560926
0.001672983
0.001418114
0.002011061
0.001640081
0.001585007
0.001536131
0.002350092
0.002131939
0.001993895
0.002207994
0.002067089
0.002110004
0.002431870
0.002427101
0.002327204
0.002246857
0.002432823
0.002327919
0.002299070
0.002557039
0.002834082
0.002434969
0.002641916
0.001983881
0.002918959
0.002430916
0.002851963
0.003000975
0.003169060
0.002203941
0.002563000
0.002812862
0.002575159
0.002800941
0.003134012
0.002820015
0.003358126
0.003162146
0.002894163
0.003068924
0.002931833
0.002976894
0.002852917
0.003121138
0.003287792
0.003313065
0.002762079
0.003794909
0.003486872
0.003170967
0.003499031
0.003240108
0.003383875
0.003295183
0.003067970
0.004140854
0.003291130
0.003393888
0.003989935
0.003949165
0.003938198
0.003877878
0.003432989
0.003569841
0.004081964
0.004046917
0.003958941
0.003917933
0.004274130
0.004180193
0.004405975
0.004193783
0.004012823
0.004692078
0.004400969
0.004597902
0.004371881
0.003962994
0.004207134
0.004805803
0.004573107
0.004501820
0.004819870
0.004427195
0.004539013
0.005050898
0.004662037
0.005136013
0.005013943
0.005102158
0.004979134
0.004714012
0.004395008
0.005590916
0.005246162
0.004844904
0.005377054
0.004836798
0.004864216
0.005187988
0.005913019
0.005084991
0.005361080
0.005657911
0.005568027
0.005176067
0.006226063
0.006253004
0.006357908
0.005388021
0.005379915
0.006348133
0.005705118
0.005932093
0.005892038
0.005447149
0.005593061
0.005634069
0.006527901
0.005804062
0.005433798
0.006023169
0.005645990
0.005975008
0.006174088
0.007236958
0.005341053
0.004975796
0.005509853
0.006642818
0.006722927
0.005794048
0.006527185
0.006393909
0.006305933
0.006648064
0.006700039
0.006603956
0.005853891
0.006558180
0.006940126
0.006484985
0.006773949
0.005834103
0.007291794
0.007419825
0.006814957
0.007143974
0.006403923
0.007732153
0.007859945
0.006517887
0.008234024
0.008229971
0.007461071
0.008262873
0.007516146
0.010534048
0.008318901
0.007006884
0.007909060
0.007596970
0.007241011
0.007223845
0.008374929
0.007879972
0.007242918
0.007313013
0.008723021
0.006994963
0.008677006
0.007698059
0.007268190
0.007951021
0.007112026
0.008304834
0.007733107
0.007699966
0.007619143
0.007256985
0.006695986
0.007272005
0.007835865
0.008122206
0.007464886
0.008593798
0.009153128
0.007670164
0.008635044
0.007978916
0.008764982
0.009516954
0.008309126
0.007400990
0.008260965
0.007715940
0.008152962
0.007853031
0.007927895
0.008555889
0.008568048
0.007573843
0.009087086
0.008193970
0.008203983
0.007800102
0.008080006
0.008245945
0.008618116
0.007647038
0.008569002
0.008209944
0.008692026
0.007841110
0.008494139
0.008522034
0.008858919
0.008342028
0.008949995
0.008655071
0.009944916
0.008539915
0.009468079
0.008477926
0.012140036
0.008982182
0.008713961
0.009406805
0.009045839
0.008980989
0.010396957
0.008721828
0.009114981
0.008364201
0.009314060
0.009876013
0.009598017
0.009535074
0.010508776
0.009543896
0.009392023
0.009037018
0.009609938
0.011543989
0.009739876
0.011737823
0.010275126
0.011245012
0.010419130
0.010510921
0.010395050
0.010965109
0.009381056
0.009371042
0.009433985
0.010034084
0.009727001
0.008897066
0.009521008
0.009816170
0.010510206
0.009788990
0.010607958
0.009015799
0.009927034
0.009733200
0.009800911
0.009258032
0.010132074
0.011307001
0.009940147
0.010311842
0.010421038
0.009777069
0.010814190
0.010433912
0.010446072
0.010532141
0.012094021
0.013245106
0.010489941
0.010235071
0.011323929
0.011111975
0.011390924
0.015178919
0.009900093
0.010628939
0.010342121
0.011087179
0.010722160
0.011006832
0.010977030
0.012439013
0.011174202
0.010756969
0.010617018
0.010491848
0.013293028
0.011343956
0.011602163
0.012933969
0.013879061
0.014124155
0.012336969
0.014058113
0.011581182
0.011848211
0.011139154
0.011713982
0.011691093
0.011161089
0.012321949
0.011448145
0.011993885
0.012939930
0.012559891
0.013131857
0.012223959
0.012373924
0.011654854
0.011832952
0.013697863
0.011924028
0.011654139
0.011965036
0.012817860
0.012076855
0.011894941
0.014913082
0.012279987
0.014364004
0.012219191
0.012284040
0.015274048
0.013474941
0.014924049
0.015304089
0.014157057
0.012379885
0.013125896
0.014003038
0.018177986
0.014133930
0.014686108
0.012448072
0.012238026
0.012901068
0.012628078
0.013396025
0.013259172
0.014315844
0.013052940
0.013156891
0.012343884
0.014069080
0.012769938
0.013329983
0.014273882
0.015192032
0.014322996
0.013080120
0.013327122
0.014724970
0.013074875
0.013506174
0.013424873
0.013749123
0.013521910
0.013572931
0.013837099
0.013562918
0.013627052
0.012789011
0.012974977
0.013784170
0.013837099
0.013622999
0.013715029
0.014396906
0.013728857
0.013261080
0.014029980
0.014032125
0.014086008
0.014070988
0.013899803
0.013655901
0.013756037
0.013794899
0.014358044
0.017562866
0.017869949
0.014086962
0.015528917
0.018000126
0.016703129
0.018809080
0.021318197
0.014341116
0.015960932
0.015042067
0.014875889
0.015067101
0.014670134
0.014404058
0.018278122
0.018360853
0.014699936
0.015202999
0.015546083
0.016755104
0.015642166
0.014369965
0.015851021
0.014816999
0.014904022
0.015188932
0.014711857
0.015149832
0.015288830
0.014920950
0.014416933
0.015508175
0.014894009
0.017596006
0.018006802
0.016855955
0.016017914
0.016040087
0.016165972
0.016982079
0.016320944
0.015577793
0.015269995
0.016441107
0.015420914
0.015859842
0.015523911
0.015855074
0.015475035
0.015838861
0.016037941
0.015880108
0.015651226
0.016191959
0.015717983
0.016046047
0.019761086
0.016279936
0.016680002
0.016624928
0.017215014
0.016606092
0.016373873
0.017229080
0.018367052
0.016623020
0.018934011
0.016576052
0.017032146
0.016016960
0.016752958
0.017701864
0.016370058
0.017346144
0.018249035
0.017367840
0.020044088
0.018776178
0.017301083
0.016739130
0.018388033
0.017444849
0.017184019
0.017580986
0.017796040
0.018598080
0.017812967
0.017568111
0.017440081
0.018846989
0.019752026
0.017518997
0.018292189
0.019561052
0.017862082
0.018351078
0.018442869
0.017958164
0.017802000
0.017066956
0.017769098
0.017812967
0.018158913
0.018688917
0.021212816
0.017841816
0.022264957
0.022845984
0.018940926
0.018326998
0.018656969
0.017641068
0.019306898
0.019040108
0.019333839
0.018524885
0.018517017
0.020605087
0.018926144
0.018384933
0.024429083
0.017844200
0.018577099
0.018422842
0.019289970
0.019222975
0.018448114
0.019295931
0.020344019
0.018770933
0.020078897
0.019057989
0.018841982
0.018440962
0.018482924
0.018718004
0.020395041
0.019429922
0.020101070
0.020674944
0.019122124
0.019768000
0.019584894
0.019938946
0.021002054
0.019927979
0.019227982
0.024408817
0.019659042
0.019451141
0.020331860
0.018882990
0.019671917
0.021048069
0.020323038
0.020388126
0.019399881
0.021152973
0.020780087
0.022683859
0.021494150
0.022430182
0.021473169
0.021944046
0.021667004
0.025362015
0.021708012
0.022269964
0.023238897
0.019425154
0.022814989
0.019855022
0.020792007
0.020179987
0.021326065
0.027191162
0.020990849
0.021458149
0.021363020
0.024078846
0.019711018
0.024271011
0.020251989
0.023087025
0.023882866
0.022978067
0.019863129
0.022420883
0.022363901
0.023401976
0.021187067
0.020847082
0.021183968
0.020354986
0.025344133
0.025470018
0.026524067
0.022130966
0.022031784
0.021075010
0.020572901
0.021090984
0.021119833
0.021765947
0.020953178
0.021219969
0.021510839
0.021141052
0.021903992
0.021399975
0.021994829
0.022302151
0.021462917
0.029689074
0.021354914
0.021198988
0.023822069
0.021272898
0.022881985
0.021631956
0.027317047
0.021951914
0.025142908
0.024981976
0.024221897
0.024030924
0.023575068
0.025681019
0.021687984
0.025891066
0.022462130
0.025357962
0.027072906
0.023492098
0.022499084
0.022829056
0.030604124
0.022799015
0.022212029
0.022082090
0.024576902
0.022754192
0.025790215
0.022464037
0.023926020
0.023952007
0.021965981
0.022382021
0.022859812
0.026489973
0.023506165
0.026297808
0.028015137
0.024023056
0.024441957
0.023873091
0.028195143
0.023232937
0.023501158
0.025046110
0.024465084
0.024749041
0.023813963
0.028186083
0.023797035
0.026754141
0.024500132
0.027343035
0.023859978
0.025850058
0.025384903
0.024921894
0.022937059
0.024324179
0.023651838
0.023189068
0.030189037
0.024023056
0.029700041
0.023270130
0.031094074
0.023995876
0.023537159
0.023996115
0.030460119
0.030117035
0.023725986
0.030538797
0.023448944
0.023628950
0.024001837
0.030787945
0.024410963
0.024083853
0.026554823
0.024093151
0.023854017
0.030564070
0.024530172
0.023978949
0.031103849
0.025276184
0.025308847
0.025274038
0.024827003
0.024709940
0.026576996
0.024823904
0.025075912
0.025322914
0.024513960
0.028126001
0.024078846
0.024259090
0.027487040
0.024893045
0.024842978
0.024863005
0.024919033
0.025852919
0.027091026
0.027545929
0.025699139
0.024562120
0.026645899
0.025766134
0.024952173
0.029390097
0.025913000
0.025808811
0.028548002
0.024785995
0.025199175
0.028726101
0.028582811
0.027648926
0.032807827
0.027215958
0.026911020
0.026484013
0.026180983
0.025454998
0.025061131
0.025163889
0.025265932
0.026672125
0.029983044
0.026848078
0.025690079
0.029304028
0.026216984
0.027429819
0.035359144
0.026041985
0.029951096
0.029392004
0.027320862
0.026254892
0.028263092
0.026587009
0.026332855
0.026407957
0.026770115
0.027436018
0.026139975
0.030704975
0.027525902
0.029717922
0.025867939
0.026688099
0.030534983
0.031378984
0.026883125
0.026761055
0.028060913
0.026608944
0.026849985
0.031666994
0.026850939
0.026959896
0.034752846
0.026252985
0.026844978
0.026896954
0.027349949
0.026024103
0.029098034
0.027688980
0.027239084
0.027639151
0.029212236
0.028010130
0.030933142
0.027813911
0.027462006
0.028176069
0.030242920
0.028346062
0.026933908
0.026512146
0.033419847
0.028218985
0.029249907
0.026677132
0.030860901
0.030645132
0.026513100
0.026499987
0.028190136
0.027801991
0.027955055
0.034967184
0.026875973
0.033416033
0.027957916
0.027812958
0.028618813
0.038200140
0.029294014
0.029161930
0.031770229
0.026921988
0.027357817
0.027156115
0.027455091
0.027909040
0.028733015
0.027477026
0.027275085
0.028335094
0.029080868
0.029687166
0.029592991
0.028403044
0.032294989
0.031136036
0.029173136
0.030405045
0.027121782
0.028226852
0.036461115
0.028448820
0.028600931
0.029386044
0.029081821
0.029568195
0.030771017
0.036110878
0.027626038
0.028214931
0.027999163
0.027735949
0.036092997
0.030303001
0.028411865
0.034623146
0.027964115
0.036617041
0.030766010
0.029613018
0.038277864
0.029788017
0.030035019
0.028492212
0.031648874
0.029518843
0.031150103
0.029961109
0.029076099
0.029451132
0.030757189
0.039055109
0.036850929
0.029855013
0.028632164
0.031808138
0.030462980
0.035254955
0.029430151
0.033742189
0.029676199
0.031002045
0.030379057
0.031431913
0.030071974
0.030272007
0.030856133
0.030474901
0.031504154
0.031214952
0.032030106
0.031309128
0.029040098
0.038009882
0.030019045
0.030146837
0.031173944
0.031847000
0.031005859
0.030543804
0.028796911
0.038058043
0.031095982
0.037446022
0.037540913
0.032572985
0.034626961
0.035153151
0.037786007
0.035979986
0.030097961
0.030894995
0.032122135
0.030075073
0.031266928
0.030647039
0.034413815
0.029474974
0.030423164
0.029610872
0.037750959
0.029374123
0.028883934
0.030088902
0.029935122
0.030053854
0.029269218
0.029980898
0.031194925
0.036505938
0.029826880
0.029278040
0.029754877
0.029613018
0.029103994
0.031069994
0.031446934
0.032387018
0.031633139
0.032660961
0.035618067
0.039498806
0.031543970
0.034657001
0.029981136
0.038669109
0.031443119
0.031215191
0.031780005
0.031032085
0.031858921
0.031470060
0.031625986
0.029727936
0.036287069
0.030683994
0.032374859
0.031173944
0.030386925
0.030492783
0.030225992
0.030122042
0.029934168
0.038488150
0.031504154
0.042933941
0.037448883
0.031783104
