0.000061035
0.000082970
0.000149965
0.000144958
0.000196218
0.000276089
0.000260115
0.000278950
0.000380993
0.000376225
0.000417948
0.000434160
0.000460148
0.000439882
0.000606060
0.000586987
0.000697851
0.000626087
0.000733852
0.000718832
0.000724077
0.000806093
0.000952005
0.000859022
0.000977993
0.000976801
0.000972986
0.001076937
0.001022100
0.001275063
0.001001120
0.001040936
0.001372099
0.001250029
0.001075983
0.001111984
0.001569986
0.001550198
0.001646996
0.001285076
0.001326084
0.001528025
0.001714945
0.001504898
0.002036095
0.001616001
0.001487970
0.001519918
0.001783133
0.002305031
0.001865149
0.001559019
0.002228022
0.002127886
0.002114058
0.002396107
0.001845121
0.001900196
0.001841068
0.001958132
0.002240896
0.002429008
0.002671003
0.002449989
0.002480030
0.002483130
0.003030062
0.002183914
0.002639055
0.002478838
0.002611876
0.002722025
0.002423048
0.003072977
0.003073931
0.002998114
0.002818108
0.003323078
0.002505064
0.003052950
0.003176928
0.002643824
0.003381014
0.003813028
0.002775908
0.002974033
0.003073931
0.002851963
0.003510952
0.003193140
0.004013062
0.003369808
0.003757000
0.003326178
0.003337145
0.003695011
0.003949165
0.003622055
0.003329039
0.003835917
0.003594160
0.004106998
0.003746986
0.004204035
0.004355192
0.004121065
0.003774166
0.003886938
0.004667997
0.004777193
0.003324032
0.004099131
0.003915071
0.004220963
0.004513025
0.004880905
0.005029917
0.004683018
0.004687071
0.004169941
0.004225016
0.004894018
0.004511833
0.005517006
0.004338980
0.004807949
0.004823923
0.004893064
0.004833937
0.004844904
0.004658937
0.004068136
0.004525900
0.004572153
0.005248070
0.004802942
0.005497932
0.005202055
0.005064011
0.005115032
0.005269051
0.006023884
0.005070925
0.005697012
0.005299091
0.005192041
0.005167007
0.005660057
0.005493879
0.005714893
0.005696058
0.005425930
0.005692005
0.005434990
0.005651951
0.005861044
0.005542040
0.005659103
0.005221844
0.006133080
0.006067038
0.005182981
0.005534887
0.005863905
0.006021023
0.005932093
0.005571842
0.007385015
0.006155014
0.005580187
0.005723000
0.007388115
0.006078959
0.006452084
0.007300854
0.006302834
0.006698847
0.006395817
0.007619143
0.005697966
0.007339954
0.006012917
0.006255865
0.006571054
0.006242037
0.007784843
0.007992983
0.006566048
0.007199049
0.007575989
0.006731987
0.007920980
0.006623030
0.007210970
0.008090019
0.008519888
0.007808924
0.007359982
0.007444143
0.006499052
0.006360054
0.006500006
0.008142948
0.008688927
0.006603956
0.007580996
0.006887913
0.007656097
0.006834030
0.007341146
0.007050991
0.007323980
0.007364035
0.007431030
0.007472038
0.009088039
0.007366896
0.009178162
0.009600878
0.006628036
0.009773016
0.007522106
0.007450819
0.008805990
0.008831024
0.007549047
0.009308100
0.009163857
0.007692099
0.007905006
0.007528067
0.008641005
0.009841919
0.007275105
0.007703066
0.007580042
0.009639025
0.009572983
0.010175943
0.009001017
0.008695841
0.007939100
0.008780956
0.007379055
0.007423878
0.007740021
0.008127213
0.010082960
0.009544134
0.009768963
0.007950783
0.008461952
0.008645058
0.009213209
0.009268045
0.009124994
0.008558989
0.008421183
0.008418083
0.009402990
0.008855104
0.008923054
0.008798838
0.009155989
0.009310007
0.010112047
0.009902954
0.009691954
0.009765148
0.009414196
0.009196043
0.010029078
0.008910179
0.009549141
0.012411118
0.011814117
0.010055065
0.010861158
0.011891842
0.009737015
0.009204149
0.009225845
0.010426044
0.011523008
0.008740187
0.011599779
0.012453079
0.009616852
0.016119957
0.010396004
0.010989904
0.011302948
0.011618137
0.008986950
0.011519194
0.009994984
0.009577036
0.011785984
0.009068966
0.009150028
0.008952141
0.011441946
0.013122082
0.011353016
0.012128115
0.011188984
0.010525942
0.011467934
0.009814024
0.010313034
0.012052059
0.011106968
0.009466887
0.010061979
0.012319088
0.010885954
0.010453939
0.011090994
0.010631800
0.010855913
0.011037111
0.011173010
0.010539055
0.011977911
0.010715961
0.010787964
0.010488033
0.011530876
0.011037111
0.010804892
0.009907961
0.012303829
0.010745049
0.012304068
0.011496067
0.011383057
0.018038034
0.010694981
0.009913921
0.010219097
0.011138916
0.010825157
0.014966965
0.009998083
0.009967089
0.011168003
0.010931015
0.011060953
0.014888048
0.012071848
0.011162996
0.013012886
0.011511087
0.011447906
0.010917902
0.010518074
0.012949944
0.011817932
0.013632059
0.011363983
0.011838913
0.011245012
0.010598898
0.010934830
0.014117956
0.011456966
0.011044979
0.012009144
0.012428045
0.012717962
0.012978077
0.012011051
0.012275219
0.011978149
0.010957956
0.011886835
0.012248993
0.011182070
0.014724970
0.013061047
0.013903141
0.013295174
0.016629934
0.013784885
0.012494087
0.015305996
0.013283014
0.014308929
0.012432098
0.012602091
0.012356997
0.013672829
0.013375998
0.012712002
0.014611959
0.012676001
0.015264034
0.012990952
0.014286995
0.012952089
0.013276100
0.013789177
0.013025045
0.013833046
0.012761831
0.012711048
0.013571024
0.016516924
0.012917042
0.013065100
0.012365818
0.012984991
0.011823177
0.015637159
0.013283968
0.012941122
0.016609907
0.013064861
0.013470173
0.013460159
0.013609886
0.013260841
0.013168097
0.014832973
0.013345003
0.013226986
0.015517950
0.013941050
0.015795946
0.013636112
0.013613939
0.013210058
0.013168097
0.015056133
0.014465094
0.013978958
0.014087915
0.014322996
0.013967991
0.016145945
0.014411211
0.015511036
0.015024900
0.014672041
0.016848087
0.016218185
0.014690161
0.014645100
0.014333010
0.015618086
0.014764071
0.014055014
0.014593124
0.015152931
0.014731884
0.015059948
0.014806986
0.013934135
0.014696836
0.014890909
0.014879942
0.015985012
0.015192032
0.015944004
0.015529156
0.016633987
0.016220093
0.015670061
0.016438961
0.016191006
0.016525984
0.017853022
0.016460896
0.015957117
0.015810013
0.016577005
0.016175985
0.016013145
0.015957117
0.016757011
0.015242100
0.015749931
0.016222954
0.016367912
0.017256975
0.015324831
0.015807867
0.015752077
0.015762806
0.015386820
0.016505957
0.017102003
0.016356945
0.018991947
0.015877008
0.015954018
0.016375065
0.016154051
0.016317129
0.016254187
0.016048908
0.015792131
0.016117096
0.016639948
0.017086029
0.018004894
0.016978979
0.021610975
0.017950058
0.018533945
0.019186020
0.016875982
0.018965006
0.016448975
0.018507957
0.016743183
0.019502163
0.021461010
0.017633200
0.018471956
0.018319845
0.019813061
0.019352913
0.018115044
0.017563105
0.016911983
0.020002842
0.017629147
0.019829035
0.017261028
0.019906998
0.020117044
0.021270037
0.021507978
0.018888950
0.017143965
0.022038937
0.022691011
0.022246838
0.018730164
0.018136978
0.019655943
0.019436836
0.017066002
0.017549038
0.018349171
0.017644167
0.018782854
0.018281937
0.018341064
0.018494129
0.017812014
0.020175934
0.020390987
0.028719902
0.018062115
0.018291950
0.018457890
0.019751072
0.020010948
0.020495892
0.019065857
0.019313097
0.019632101
0.019649029
0.019398928
0.019423962
0.019404888
0.019833088
0.023727894
0.020591974
0.018387079
0.020179987
0.023471117
0.020726919
0.017931938
0.023040056
0.018414021
0.023084164
0.018612146
0.021015167
0.019691944
0.019867182
0.020221949
0.025419950
0.019616127
0.019409180
0.018551826
0.018593788
0.019484997
0.019541979
0.022737980
0.022915125
0.019783020
0.018857002
0.019809961
0.027146101
0.019330025
0.020180941
0.019711971
0.021805048
0.021226168
0.019840956
0.022701979
0.021953106
0.019814014
0.020540953
0.020311832
0.020097017
0.018743992
0.021023035
0.029207945
0.020487070
0.020575047
0.023661137
0.018405199
0.021246910
0.021713972
0.023144960
0.019577980
0.019611120
0.020761967
0.019923925
0.021617174
0.020251989
0.021569014
0.023614883
0.023581982
0.023471832
0.023190975
0.022229910
0.021681070
0.021758080
0.025163174
0.024797916
0.021199942
0.022343159
0.028785944
0.022248030
0.020725012
0.021587133
0.021469831
0.022265911
0.021857977
0.021430969
0.025438070
0.021271944
0.021573067
0.021520853
0.021811008
0.023094177
0.022503138
0.022255898
0.022935152
0.021243095
0.021095991
0.023845911
0.022120953
0.021578789
0.021757841
0.023934841
0.027828932
0.022197962
0.022442102
0.022580147
0.029462099
0.024688959
0.022368908
0.022474051
0.022222996
0.021413088
0.021306992
0.025850058
0.021742821
0.027238131
0.021715164
0.029063940
0.024685144
0.025433064
0.023785830
0.025789976
0.024523020
0.023126841
0.024057865
0.025333881
0.021713972
0.022505045
0.022825003
0.025867939
0.022860050
0.024178028
0.022083998
0.022022009
0.022634983
0.023971796
0.022055149
0.021971941
0.022106886
0.021617174
0.022313833
0.024667978
0.028558016
0.023987055
0.023970127
0.021992922
0.025048018
0.024611950
0.023772955
0.024447918
0.024710894
0.026072979
0.024807930
0.025254965
0.024051905
0.026299000
0.023729086
0.023157835
0.022804976
0.024833202
0.023710012
0.024286985
0.022507906
0.022801876
0.024531841
0.025267124
0.027137041
0.026468992
0.026262999
0.023203850
0.022754908
0.025048018
0.022336006
0.023478985
0.026294947
0.026356936
0.024502993
0.024975061
0.025104046
0.024250031
0.027334929
0.023442030
0.028671026
0.024643898
0.024507046
0.026788950
0.025209904
0.023993969
0.025793076
0.024271965
0.023704052
0.024549007
0.026795864
0.024184942
0.025048018
0.027884007
0.024425030
0.025860786
0.034835815
0.024096966
0.025058985
0.024110079
0.024417162
0.027229071
0.024749041
0.024788141
0.026817083
0.027250051
0.026056051
0.024750948
0.029036999
0.029103994
0.024453878
0.024098873
0.025718927
0.023999929
0.031000137
0.026087046
0.033725023
0.024443865
0.025436878
0.024513006
0.026438951
0.024712801
0.025237083
0.025988817
0.025032997
0.026143074
0.026861906
0.027633190
0.024724007
0.034022093
0.026106834
0.024276972
0.027209997
0.024677038
0.025861025
0.026293039
0.026735067
0.026574850
0.024723053
0.032591105
0.025655985
0.025353909
0.027127028
0.025313139
0.024260998
0.031574011
0.027016878
0.027028084
0.025198936
0.032345057
0.026862860
0.028787851
0.028663874
0.028224945
0.025841951
0.026312113
0.024477005
0.026311874
0.026695013
0.026638031
0.027333975
0.027744055
0.026226044
0.026021004
0.026532888
0.026839972
0.032454014
0.024833202
0.026189804
0.026518106
0.029587030
0.028149843
0.026849031
0.031158924
0.026878119
0.024993896
0.026072979
0.037929058
0.027907133
0.029104948
0.031300068
0.027784824
0.029097795
0.027271032
0.026476860
0.026383162
0.036299944
0.027990103
0.026670933
0.026722908
0.038078070
0.026990891
0.026665926
0.026675940
0.028023005
0.027505875
0.026861906
0.033836842
0.029426813
0.028733969
0.027032137
0.029511929
0.028136969
0.026081800
0.028202057
0.029325008
0.028771877
0.029172897
0.034497976
0.025655031
0.034090042
0.029806137
0.026609898
0.030466080
0.026813030
0.028883219
0.029626131
0.028774023
0.027934790
0.028584957
0.029271841
0.027742863
0.028634071
0.027136087
0.031028986
0.027575016
0.027153015
0.028432846
0.029211998
0.032649040
0.027318001
0.029341936
0.027577877
0.028303146
0.026958942
0.027959108
0.027927876
0.028753042
0.029196024
0.028671026
0.029001951
0.029906988
0.028625011
0.026765108
0.033944130
0.029402971
0.029156923
0.027770996
0.028646946
0.028128147
0.028232098
0.027692080
0.029170036
0.027420998
0.036372900
0.029134035
0.029446125
0.028702974
0.038668871
0.031247854
0.038002968
0.029984236
0.035783052
0.027402878
0.027245998
0.028789997
0.028494120
0.029904842
0.041362762
0.030719995
0.028953075
0.028227091
0.029021025
0.029204130
0.031046152
0.035840988
0.038802862
0.037696123
0.028674126
0.028280973
0.030121088
0.030471802
0.036805868
0.033250093
0.030979872
0.027711868
0.029299021
0.028466940
0.031045914
0.028972149
0.030783176
0.029460907
0.033338070
0.029211998
0.029037952
0.029814005
0.029073000
0.029948950
0.030850172
0.030290842
0.029546976
0.029944181
0.030502081
0.028827906
0.031800985
0.028133869
0.028226137
0.028373957
0.028842926
0.029841900
0.029720068
0.036615849
0.029881954
0.028470993
0.028459787
0.031362057
0.030977964
0.029947042
0.030040026
0.028289080
0.031512976
0.032047987
0.031800985
0.030687094
0.037935019
0.037956953
0.028795958
0.028919935
0.029757023
0.028791904
0.028485060
0.037775993
0.037925959
0.037485123
0.037903070
0.035016060
0.029524088
0.032212973
0.038182974
