0.000041008
0.000071049
0.000141144
0.000141144
0.000636101
0.000322104
0.000302076
0.000781059
0.000372887
0.001707077
0.001216888
0.000970125
0.000581026
0.000576973
0.000518084
0.000530005
0.000619173
0.000600100
0.000640869
0.000687122
0.000788927
0.000855207
0.000877857
0.002049208
0.002284050
0.000867128
0.001131058
0.001222849
0.001073122
0.001086950
0.001451015
0.001065016
0.001205921
0.001130819
0.001319170
0.001422882
0.001188040
0.001136065
0.001271009
0.001387835
0.001394033
0.001629829
0.001426935
0.001442909
0.001829863
0.001555920
0.001734018
0.001572847
0.001900911
0.001662970
0.001897097
0.001896143
0.001663923
0.001684904
0.002149105
0.002171993
0.002228022
0.001871824
0.001934052
0.002130032
0.002279997
0.001986027
0.002109051
0.002432823
0.002958059
0.002300024
0.002233982
0.002276897
0.002447844
0.002147913
0.002377987
0.002595901
0.003102064
0.002990007
0.002325058
0.002492905
0.002864838
0.002892017
0.002879858
0.002928019
0.002738953
0.003108978
0.003158092
0.003036022
0.002707958
0.002877951
0.002857924
0.003458023
0.002894878
0.002912998
0.002780914
0.003009081
0.003754854
0.003180027
0.003789902
0.002958059
0.002979040
0.003423929
0.003151178
0.003808022
0.003170967
0.004253149
0.003819942
0.004138947
0.003881216
0.003988981
0.003753901
0.004324198
0.004138947
0.003906012
0.004248142
0.004539013
0.003961086
0.004101992
0.004400969
0.003809929
0.003566027
0.003924131
0.003852129
0.003712893
0.003716946
0.004327059
0.004153013
0.004423857
0.004539013
0.005071163
0.004137993
0.004772902
0.005192041
0.005419970
0.003963947
0.004436970
0.004515886
0.004543066
0.005316019
0.004851818
0.004909039
0.004754782
0.004719973
0.005537033
0.004881144
0.004954815
0.005878925
0.005052090
0.005747080
0.006046057
0.004978895
0.005424976
0.005120039
0.005310059
0.006127834
0.005017042
0.005948067
0.004921913
0.005104065
0.005053043
0.005236149
0.005359888
0.005841970
0.005357981
0.005607128
0.005459070
0.005172014
0.005913019
0.006111860
0.006727934
0.006098986
0.006821156
0.005891800
0.006850958
0.006084204
0.006783009
0.006630898
0.006298065
0.006578922
0.006763935
0.006721020
0.006981134
0.006475925
0.006634951
0.006868124
0.008068800
0.007611990
0.006836891
0.007144928
0.009962082
0.008077860
0.006829977
0.006940842
0.008762121
0.009353876
0.008363962
0.008012056
0.012490988
0.008270979
0.007749081
0.008061886
0.008512020
0.008188963
0.008219957
0.008132935
0.011384010
0.008574963
0.008705854
0.008204937
0.009119034
0.009320974
0.008776903
0.008811951
0.007986069
0.007683039
0.007551908
0.007749081
0.007559061
0.008626938
0.008541822
0.007842064
0.008774996
0.009155989
0.010637045
0.008496046
0.010157108
0.010957956
0.009456158
0.007947922
0.008698940
0.009737968
0.008066177
0.008625984
0.011110067
0.010764837
0.010128975
0.009243011
0.008427858
0.012630939
0.011141062
0.009740114
0.009406805
0.008970022
0.008255005
0.009121895
0.008975983
0.010065079
0.011929989
0.009072065
0.012024879
0.010379791
0.009018898
0.009196997
0.012132883
0.009252071
0.008611917
0.013182878
0.008826971
0.008924007
0.009871006
0.009568930
0.012017012
0.016142845
0.013242006
0.009168863
0.013375998
0.009758949
0.013610125
0.009223938
0.009770870
0.009829998
0.013883114
0.013036966
0.010252953
0.009840012
0.014095068
0.010187149
0.014106035
0.014563084
0.009854078
0.014405012
0.009759903
0.014464855
0.011188030
0.009350061
0.014508009
0.010449171
0.009664059
0.010462999
0.010257959
0.009798050
0.014249802
0.019684076
0.014022827
0.009949923
0.009702921
0.009876966
0.009941101
0.009944916
0.015192986
0.015139103
0.010720015
0.010584116
0.010237932
0.014564991
0.015533924
0.014515877
0.014654875
0.014667988
0.015717983
0.011121035
0.010064840
0.011125803
0.010965109
0.011144161
0.012705088
0.015776873
0.010453939
0.016092062
0.016308069
0.010380983
0.016247034
0.011680841
0.010901213
0.010463953
0.010584116
0.015679836
0.010610104
0.015588999
0.016552925
0.010746002
0.016676903
0.016080141
0.011528015
0.016966105
0.015880108
0.011003971
0.017064810
0.015796900
0.011839867
0.010948181
0.011909008
0.011954069
0.011060953
0.011925936
0.018904924
0.011274815
0.013734102
0.011398077
0.011693954
0.017069101
0.011461973
0.017147064
0.016875982
0.011289120
0.016837120
0.011371851
0.016796112
0.017974138
0.012567997
0.017154932
0.012385130
0.017268181
0.018146992
0.018211126
0.012562037
0.018344879
0.018933058
0.012166977
0.018533945
0.017319918
0.012145996
0.020315170
0.017748833
0.012894869
0.017645121
0.012397051
0.017894030
0.012421131
0.013270140
0.018760920
0.012633085
0.012737036
0.018314123
0.013332844
0.018978834
0.013480902
0.012347937
0.017497063
0.013509035
0.017263889
0.012874842
0.019750118
0.013190985
0.013174057
0.019124031
0.013898849
0.013505936
0.014077902
0.018032074
0.013558149
0.018900871
0.013649940
0.019227028
0.020199060
0.019134045
0.013733864
0.019685984
0.013723135
0.013345957
0.019350052
0.020847082
0.013560057
0.021010876
0.014553070
0.020074844
0.013675928
0.015628099
0.015079021
0.014205217
0.013687134
0.020282984
0.020581007
0.015709877
0.020586014
0.018537998
0.014900923
0.016047001
0.021027088
0.014791965
0.021321058
0.021797895
0.021563053
0.015262127
0.015738964
0.014881134
0.021177053
0.021120071
0.021722078
0.021096945
0.028480053
0.021084070
0.021250010
0.021951914
0.015897036
0.021374941
0.021150827
0.022070885
0.021680832
0.019996881
0.014441967
0.016339064
0.021490097
0.022825956
0.022454023
0.020400047
0.025470018
0.017775059
0.017846107
0.015945911
0.016181946
0.018594980
0.023252010
0.014883995
0.024902821
0.015352964
0.015039921
0.016911030
0.021910906
0.021139145
0.023061037
0.021781206
0.023350000
0.019614935
0.015738964
0.018268108
0.016927958
0.015338182
0.018437147
0.025115967
0.015519142
0.017412901
0.016531944
0.022749901
0.018219948
0.023261070
0.015742064
0.023313046
0.023637056
0.017358065
0.021087885
0.016304016
0.015842915
0.023481131
0.016340017
0.016710997
0.021242857
0.019294977
0.017357111
0.023002863
0.026492119
0.024637938
0.018517017
0.016616106
0.016309977
0.023222923
0.017254114
0.016474009
0.022738934
0.017715931
0.017014027
0.020591021
0.025562048
0.017416000
0.020465851
0.017138004
0.017270088
0.022920132
0.017839193
0.017013073
0.019953966
0.020087957
0.027706861
0.018966913
0.017493010
0.017091036
0.021426916
0.025635958
0.018708944
0.021953106
0.018044949
0.028327942
0.024342060
0.026024103
0.026377916
0.024328947
0.017970085
0.024552107
0.026492834
0.032124043
0.026950121
0.024799109
0.017725945
0.017867088
0.021919012
0.018973112
0.019610882
0.026396036
0.022789955
0.017946959
0.023699045
0.019619942
0.023473024
0.026717901
0.028301001
0.022887945
0.022996902
0.019879103
0.022850037
0.020709991
0.023386002
0.022363901
0.031150818
0.025063992
0.018786192
0.020303011
0.022330999
0.019101143
0.029608011
0.023053885
0.019181013
0.018843889
0.024188042
0.028347969
0.028563976
0.023313999
0.025712013
0.020812988
0.025060177
0.029490948
0.024707079
0.024536133
0.031121969
0.029160976
0.023515940
0.023927927
0.020061016
0.027925014
0.020148039
0.025869131
0.029767990
0.019938946
0.025569916
0.032521009
0.028357029
0.020519972
0.024089098
0.020435810
0.019882917
0.024547100
0.031762123
0.030097961
0.026031971
0.031726837
0.032091141
0.024252176
0.020600080
0.021701813
0.027050972
0.020745993
0.020507097
0.027895927
0.021234989
0.025604010
0.024597883
0.032748222
0.020322084
0.027666092
0.033194780
0.020516157
0.025897980
0.021319866
0.031122923
0.025539875
0.021307945
0.020900965
0.026430845
0.022582054
0.025011063
0.027611971
0.021613836
0.022677183
0.027640104
0.021834135
0.028258085
0.028091908
0.021957874
0.035584211
0.028347015
0.021919966
0.021425009
0.030052900
0.034060001
0.022227049
0.030649185
0.032376051
0.021474838
0.024046898
0.023106098
0.025147200
0.026445866
0.027548075
0.023808956
0.026035070
0.022508144
0.021978140
0.026714087
0.022691965
0.023167133
0.027839899
0.022882938
0.023708105
0.027981997
0.022902012
0.032997847
0.022920847
0.029726028
0.023341179
0.022587061
0.026926994
0.022918224
0.029572010
0.027763128
0.023403168
0.023029089
0.027436018
0.023540974
0.030332088
0.030789137
0.023707867
0.023230076
0.027262211
0.023586988
0.022977114
0.028273821
0.024168015
0.023256063
0.032685041
0.024624109
0.029995918
0.029358149
0.033742905
0.023648024
0.030308962
0.023375988
0.023715973
0.027776003
0.025982141
0.023617983
0.030124903
0.027650118
0.025751114
0.029113770
0.024502993
0.023988962
0.028009892
0.037045956
0.024841070
0.028312922
0.024353027
0.025348186
0.028961897
0.039817095
0.026139975
0.024050951
0.030301094
0.024917841
0.025666952
0.030058861
0.032586098
0.024441004
0.029010057
0.033178806
0.024473906
0.030356884
0.037601948
0.036149025
0.039773941
0.029449940
0.024749041
0.029830217
0.025466919
0.025911093
0.029244900
0.025599003
0.025015116
0.030264139
0.026659966
0.031347990
0.030017138
0.025504112
0.037118912
0.041704178
0.040364981
0.037909985
0.034209013
0.025969028
0.035702944
0.028460026
0.026170015
0.027244091
0.029455900
0.026000977
0.025667191
0.034778118
0.030184984
0.025665045
0.032788992
0.027930975
0.025987148
0.035920858
0.033521891
0.026829958
0.029198885
0.027240038
0.038995028
0.037401199
0.036595821
0.028807163
0.030951977
0.038488865
0.037294149
0.028033018
0.026958942
0.026892900
0.031224966
0.026715994
0.026386976
0.036082029
0.026035070
0.026506901
0.036778927
0.027197123
0.026724100
0.033065081
0.027301073
0.037070990
0.029918909
0.027364016
0.026798964
0.032354116
0.031189919
0.026910067
0.034923077
0.026478052
0.028171062
0.029654980
0.037689209
0.028518915
0.038846970
0.029663086
0.028369188
0.030117035
0.040095091
0.028043032
0.032469988
0.027672052
0.027956009
0.030265093
0.045156002
0.040923119
0.038995028
0.027962923
0.039349079
0.038336039
0.027989864
0.032457113
0.039055824
0.042653084
0.029469013
0.034888983
0.027624130
0.029383898
0.038402796
0.039125204
0.028752089
0.049309015
0.028484106
0.027760983
0.032209873
0.032847166
0.027871132
0.031501055
0.029671907
0.030528069
0.031139135
0.035460949
0.032799959
0.032000065
0.028723955
0.033459902
0.031816006
0.044550896
0.045708895
0.030387163
0.030936956
0.028320074
0.041408062
0.028932095
0.028509855
0.031827927
0.027971029
0.056927919
0.036219835
0.029207945
0.030458927
0.031154156
0.033748150
0.030972004
0.043158054
0.040864944
0.042963982
0.029791117
0.028334856
0.037992001
0.030697107
0.034593105
0.039870024
0.029459000
0.043245077
0.041096210
0.043376923
0.043539047
0.041882992
0.043543100
0.042330980
0.031361818
0.035062075
0.046952963
0.042061806
0.039813995
0.030448914
0.034858942
0.030093908
0.034596920
0.031796932
0.030025959
0.031147957
0.031100035
0.031634808
0.029253006
0.031160831
0.037016869
0.029471874
0.033998966
0.043143034
0.031497002
0.041553020
0.035753965
0.037660122
0.041424990
0.030434132
0.042077065
0.029841185
0.037169933
0.030519009
0.030776978
0.037122011
0.030517101
0.030500889
0.032804966
0.044936895
0.038378954
0.036181927
0.043527126
0.030189037
0.031605959
0.040534019
0.032385111
0.031504869
0.032505035
0.030086994
0.036635876
0.030987024
0.030171871
0.035502911
0.030866861
0.031666040
0.031502008
0.031252146
0.032330990
0.030729055
0.042136908
0.042099953
0.031675816
0.031245947
0.030491114
0.031955957
0.037936926
0.033904076
0.031871080
0.031467915
0.030813932
0.037150860
0.040775061
0.030736923
0.033019066
0.030634880
0.030943871
0.032833815
0.037164927
0.031713963
0.039211988
0.046522856
0.035156965
0.037553072
0.030501842
0.033937931
0.030968904
0.049842834
0.045045853
0.038208961
0.047801018
0.031286001
0.041628122
0.030908108
0.044430971
0.031824827
0.032060146
0.031359911
0.045795918
0.037608147
0.033025026
0.031739950
0.047044039
0.034228086
0.034821987
0.039776087
0.032809973
0.034029007
0.032920122
0.031934977
0.045067072
0.035086870
0.033685923
0.031512976
0.033191919
0.041191101
0.039429903
0.035147905
0.032048941
0.032719851
0.033236027
0.031676054
0.032716036
0.032000065
0.032197952
0.034989834
0.033663034
0.040003061
0.033730984
0.033767939
0.032515049
0.032918930
