0.000063896
0.000090122
0.000241995
0.000136137
0.000212193
0.000217915
0.000223875
0.000264168
0.000270844
0.000351906
0.000388861
0.000355005
0.000494957
0.000459909
0.000630140
0.000724077
0.000967979
0.000920057
0.000730991
0.001232147
0.001158953
0.001034975
0.000936031
0.000926971
0.000882149
0.000911951
0.001100063
0.001268864
0.002382040
0.002259016
0.001497030
0.001348019
0.001134872
0.001095057
0.001110792
0.001194000
0.001487017
0.001207113
0.001621962
0.001241922
0.002197981
0.001569033
0.001707077
0.001442909
0.001425028
0.001801014
0.001827002
0.001791000
0.001581192
0.002063036
0.001967907
0.002147913
0.002081871
0.001830101
0.001764059
0.002211809
0.002371073
0.002367020
0.002426863
0.001978874
0.002197027
0.002492905
0.002490997
0.002106905
0.001993895
0.002393007
0.002876043
0.002518892
0.002139807
0.002244949
0.002443075
0.002438068
0.002508163
0.002579927
0.002914906
0.003117800
0.002924919
0.002690077
0.003236055
0.003035784
0.002960920
0.003065109
0.003398895
0.002974987
0.002948046
0.003108978
0.002948046
0.003254890
0.002881050
0.002838850
0.002783060
0.002986193
0.003139019
0.003555775
0.002892017
0.003650904
0.003654957
0.003358126
0.004273891
0.003303051
0.003859997
0.003216028
0.005428791
0.005036116
0.003988028
0.003802061
0.004235983
0.006309032
0.005322933
0.003403902
0.003861189
0.003575087
0.003934145
0.003941059
0.006264210
0.004212141
0.004348040
0.004342079
0.006757975
0.003904104
0.005219936
0.004446983
0.004918098
0.004189968
0.005681038
0.004070044
0.004806995
0.004012823
0.004305124
0.004060984
0.004323959
0.004222155
0.004708767
0.004573107
0.004443884
0.004957199
0.004261017
0.004762173
0.005536079
0.004963160
0.004255056
0.004615068
0.004568100
0.004733086
0.004806042
0.005080938
0.004640102
0.005025148
0.005215883
0.005589008
0.004529238
0.004755974
0.005216122
0.004795074
0.006141186
0.004952908
0.005528927
0.004934072
0.005850077
0.005269051
0.006644011
0.005035877
0.006447077
0.006035089
0.005522966
0.009859085
0.005661011
0.006097078
0.006445885
0.006090879
0.005610943
0.005540848
0.006079912
0.006767988
0.006410122
0.008009911
0.006544113
0.007612944
0.006849051
0.007038116
0.006668806
0.006232977
0.006865025
0.006537914
0.007496119
0.006670952
0.007951975
0.007246017
0.007991791
0.008162975
0.006983042
0.007963896
0.008179903
0.007716179
0.008138180
0.008233070
0.007815123
0.007985115
0.007998943
0.008393049
0.008435011
0.009148121
0.008858919
0.008975983
0.008708954
0.008639097
0.009004116
0.008468866
0.009466887
0.007920027
0.009041786
0.008666992
0.010778904
0.008589029
0.008439064
0.014821053
0.008161068
0.008323908
0.012336016
0.012464046
0.012409925
0.012517929
0.012459993
0.011867046
0.012610912
0.012658119
0.013929844
0.011991978
0.012005091
0.010596037
0.013505936
0.008647919
0.008250952
0.008745193
0.011846066
0.008836985
0.011852980
0.011403799
0.008909941
0.011189938
0.010999918
0.011600018
0.011842012
0.016947985
0.012066841
0.008312941
0.014618874
0.008269072
0.012856007
0.014363050
0.013332129
0.013665915
0.009181976
0.009181023
0.012706995
0.009638071
0.010336161
0.013830900
0.009557009
0.009809017
0.012642860
0.009083033
0.013676882
0.014256001
0.012099028
0.013868093
0.009124041
0.009940863
0.014355183
0.014359951
0.018653870
0.014729023
0.014798880
0.014887094
0.015502930
0.021348953
0.014963865
0.013157845
0.009392977
0.009090900
0.019604921
0.018326998
0.014106989
0.018682957
0.013826132
0.010383129
0.009541988
0.010473967
0.010455847
0.013996840
0.014703035
0.015824080
0.015359163
0.016443968
0.015804052
0.009817123
0.015959024
0.016202927
0.016081810
0.009831905
0.013146877
0.015518904
0.010459900
0.016891956
0.016480923
0.016494036
0.017224073
0.016917944
0.017245054
0.017369986
0.017237902
0.017176151
0.011398077
0.010278940
0.016507864
0.015228987
0.010565996
0.016245842
0.018393993
0.011172771
0.016926050
0.017262936
0.011273146
0.011422873
0.017490149
0.017416000
0.017436028
0.013328075
0.016113997
0.016336203
0.017083883
0.018230915
0.011621952
0.016993046
0.011135817
0.016981125
0.011945009
0.018792868
0.018097162
0.018876076
0.019011021
0.010864019
0.019371033
0.018941164
0.019201040
0.022210121
0.017835855
0.015931129
0.017248869
0.016731024
0.018127918
0.017452002
0.017865896
0.011733055
0.018183947
0.017976999
0.011726141
0.018076897
0.017456055
0.018014193
0.011618853
0.012778997
0.012784958
0.023306847
0.019192934
0.011999130
0.016044140
0.011904955
0.017950058
0.020591021
0.020010948
0.019674063
0.012350082
0.012098074
0.020293951
0.016517162
0.016717911
0.013870001
0.013472080
0.020541906
0.014976978
0.018400908
0.012853146
0.015919924
0.013560057
0.012655973
0.018393040
0.012812138
0.018409014
0.012931824
0.019047976
0.013957977
0.017527103
0.019208908
0.013716936
0.012840986
0.019352913
0.018838882
0.020267963
0.019967079
0.021320105
0.013997793
0.018634081
0.013407946
0.013368130
0.018492937
0.019773006
0.015030146
0.013354063
0.015908957
0.015211105
0.018833160
0.017869949
0.019282103
0.013596058
0.019394875
0.014379978
0.021991968
0.019082069
0.019662857
0.014780045
0.020146847
0.014315844
0.014651060
0.015704155
0.019655943
0.017126083
0.015636921
0.021633863
0.023272991
0.021297932
0.016319990
0.018635988
0.020288944
0.020992041
0.023935080
0.014352083
0.014423132
0.021571159
0.020844936
0.021428823
0.020936966
0.020770788
0.017193079
0.016663074
0.021340132
0.024038076
0.015705109
0.016031981
0.022310019
0.021463156
0.015550852
0.017007113
0.016864777
0.014693022
0.024243116
0.016690969
0.016128063
0.015666962
0.017307043
0.016736031
0.015041828
0.016638994
0.017939091
0.030272961
0.016650200
0.017493010
0.023154020
0.025190115
0.016963959
0.015778065
0.015359163
0.023364067
0.021008015
0.024734974
0.018508196
0.024264097
0.021108150
0.020774841
0.023880005
0.025101185
0.018451929
0.023897886
0.016863823
0.018715143
0.026018143
0.020794868
0.018940926
0.023131132
0.017649889
0.020927906
0.021209955
0.017324924
0.021682978
0.024186134
0.026873112
0.022583008
0.026428938
0.023923874
0.022847176
0.016637802
0.017757177
0.024649858
0.021322012
0.016777992
0.021403074
0.026553154
0.018348932
0.019134045
0.020395041
0.016971827
0.017538071
0.023384809
0.027050972
0.021567106
0.025775909
0.018248081
0.019695997
0.025602102
0.018046856
0.028168917
0.023163080
0.017554998
0.017821789
0.021771193
0.026660919
0.019016981
0.032779932
0.028332949
0.025336981
0.021736860
0.025578976
0.018869162
0.024188042
0.023016930
0.018796921
0.022082090
0.028115988
0.017775059
0.022862911
0.027019978
0.019720078
0.020330906
0.019371033
0.017995119
0.022439003
0.024140120
0.028597832
0.022629976
0.026705980
0.019740105
0.023270130
0.027177811
0.018149137
0.023244143
0.018831015
0.025594950
0.026735067
0.019922972
0.019464970
0.023843050
0.026066065
0.019952059
0.024132013
0.032546997
0.024264812
0.024142981
0.019299030
0.023830891
0.024826050
0.026768923
0.020544052
0.027382135
0.030382156
0.027716160
0.024749994
0.030478001
0.020030975
0.023097038
0.019731998
0.020181894
0.024313927
0.028538942
0.025341988
0.024068832
0.019930124
0.028656960
0.023949862
0.021204948
0.019557953
0.025855064
0.019616127
0.026926041
0.026087999
0.020132065
0.019758940
0.025826931
0.029963017
0.020668030
0.023813963
0.020558119
0.025159121
0.026000977
0.026145935
0.032819986
0.027560949
0.020837069
0.030502081
0.025996923
0.032260895
0.020248175
0.025987864
0.026796818
0.020873070
0.024212837
0.021042824
0.020603895
0.023473024
0.025323153
0.033595085
0.027003050
0.029980898
0.021589994
0.029363155
0.022170782
0.031233072
0.025942087
0.021552801
0.021177053
0.028380156
0.021107912
0.021292925
0.025429964
0.032665968
0.022852182
0.024873972
0.027426958
0.025182962
0.027535200
0.023241043
0.022684813
0.028561115
0.032353878
0.023920059
0.028342962
0.032392025
0.022604942
0.027357101
0.021927118
0.021979809
0.028252125
0.027879000
0.022887945
0.027796984
0.023783922
0.023106098
0.029365063
0.026947975
0.026856184
0.027700186
0.023077011
0.022403002
0.030367136
0.022912025
0.022663116
0.027603149
0.029835939
0.029252768
0.033087015
0.029785156
0.033984184
0.030252934
0.036595821
0.030855894
0.034090042
0.023418903
0.023922920
0.030184984
0.024508953
0.032638073
0.028012037
0.024529934
0.034660101
0.028840065
0.023688078
0.023576975
0.029083967
0.032358885
0.033176899
0.029886007
0.032816172
0.023639917
0.029403925
0.024239063
0.023725986
0.028901815
0.032296896
0.025244951
0.029784203
0.044986963
0.034936190
0.028166056
0.024611950
0.025713921
0.031162977
0.024652958
0.024116039
0.034835100
0.024732828
0.028253078
0.033766031
0.038684130
0.027664900
0.032681942
0.027933121
0.024302006
0.028592110
0.026294947
0.024760008
0.030946970
0.024382114
0.025671959
0.028983116
0.025394917
0.024776936
0.028004169
0.028245926
0.025831938
0.029587984
0.031369925
0.024700165
0.035502911
0.031805038
0.026419878
0.026662111
0.028849840
0.035659075
0.026347876
0.028671026
0.025068045
0.025511980
0.030072927
0.027879953
0.025402069
0.030608892
0.039206982
0.037914991
0.032430887
0.030051947
0.037288189
0.030736923
0.032681942
0.032035112
0.029814959
0.026090860
0.027585030
0.027575970
0.029291868
0.035560846
0.037523031
0.025609970
0.025925875
0.035183907
0.037586927
0.038451910
0.029664993
0.029459953
0.032453060
0.037230015
0.032616854
0.040014982
0.036556005
0.033423901
0.026260138
0.030041933
0.029629946
0.028542995
0.036098957
0.027096033
0.026973963
0.037103891
0.030990124
0.037349939
0.031418085
0.031346798
0.027962923
0.038938999
0.032757998
0.027699947
0.037493944
0.031906843
0.040417910
0.031010866
0.038925886
0.036394835
0.037317038
0.026710033
0.028311014
0.036625147
0.032425880
0.027167797
0.039671898
0.034039021
0.033903837
0.034237862
0.035147905
0.027547121
0.032044888
0.033684015
0.040130138
0.033488989
0.029371023
0.028753042
0.037436962
0.038741112
0.030523062
0.044117928
0.035855055
0.030916929
0.034868002
0.028301001
0.029037952
0.029270887
0.028795958
0.027731895
0.038788080
0.030061007
0.031034946
0.032745123
0.041152000
0.027771950
0.033618927
0.042953014
0.028069019
0.032535076
0.028685093
0.029901981
0.040848017
0.029551983
0.029098034
0.032522917
0.027858973
0.028230906
0.031747103
0.029571772
0.030165911
0.031046152
0.029122114
0.028439999
0.036693096
0.034308195
0.030324221
0.031114101
0.034399986
0.034215927
0.046536922
0.038392782
0.029724836
0.037059069
0.040842056
0.028712034
0.032909155
0.036064863
0.029482126
0.033257961
0.028598070
0.030097961
0.035226107
0.046511889
0.030833006
0.040365934
0.041762114
0.030373096
0.030741930
0.029747963
0.030543089
0.041543007
0.030164003
0.030489922
0.031873941
0.029881001
0.044932842
0.030984163
0.029928923
0.029245853
0.038279057
0.043903112
0.039145947
0.034325123
0.041891813
0.029344082
0.031347990
0.030159950
0.029841900
0.030788898
0.038588047
0.029555082
0.031692028
0.029213905
0.039640903
0.037922144
0.048079014
0.044349909
0.031616926
0.031434774
0.030963898
0.042358160
0.034789085
0.050014019
0.030361891
0.030823946
0.031558990
0.032865047
0.030978918
0.030015945
0.034011841
0.032686949
0.030142069
0.032043934
0.029839993
0.041128874
0.041455984
0.042909145
0.031651020
0.031145096
0.032881021
0.043745995
0.031282902
0.030506134
0.039051056
0.031128168
0.034351110
0.038861990
0.043082952
0.031582117
0.033292055
0.031305075
0.033085108
0.031992912
0.042211056
0.030772924
0.031981945
0.042094946
0.032162905
0.044432878
0.031492949
0.030759096
0.032492161
0.036287069
0.030900002
0.040636063
0.034070015
0.032503128
0.042466164
0.035410166
0.034547091
0.032257080
0.032538891
0.032885075
0.035403013
0.044029951
0.031584024
0.033765078
0.046152115
0.033391953
0.034839869
0.032218933
0.031101942
0.031989813
0.031996012
0.034892082
0.032386065
0.032309055
0.036363125
0.040458918
0.032436132
0.031469107
0.047672033
0.032441854
0.031551838
0.031826019
0.044854879
0.033741951
0.040699005
0.032596111
0.035152197
0.032835007
0.032747030
0.033236027
0.032402992
0.032860041
0.037373066
0.032718897
0.033946991
0.051205158
0.041064978
0.032945156
0.032085896
0.032408953
0.042503119
