0.000041008
0.000072002
0.000143051
0.000190020
0.000236988
0.000386953
0.000327826
0.000302076
0.000399828
0.000429869
0.001744032
0.001539946
0.000591993
0.000474930
0.000462055
0.000721931
0.000781059
0.000630856
0.000637054
0.000924826
0.000799894
0.000767946
0.000967979
0.000890970
0.001088142
0.000842094
0.002068043
0.001305103
0.002177000
0.001542807
0.001279831
0.001136065
0.001307011
0.001147985
0.001418114
0.001308918
0.001435041
0.001211882
0.001281023
0.001724005
0.001580000
0.001379967
0.001348972
0.002985001
0.001440048
0.001941919
0.001581907
0.001504898
0.001483202
0.002008915
0.001933098
0.001621962
0.001647949
0.002001047
0.001865864
0.002459049
0.001924038
0.001857042
0.002238989
0.002310991
0.001837969
0.001939058
0.002779961
0.002568007
0.002763033
0.002225161
0.002858162
0.002860069
0.002447128
0.002578974
0.002979040
0.002751827
0.003036976
0.002413034
0.002333879
0.002511978
0.003004074
0.002524137
0.003283978
0.002747059
0.002523899
0.003430128
0.002577066
0.002825975
0.003210068
0.002757072
0.003372908
0.003382921
0.002871990
0.002984047
0.003498077
0.003560066
0.003304005
0.003456116
0.003579140
0.003521919
0.003180981
0.004143000
0.003228903
0.003619909
0.003547907
0.003528118
0.003689766
0.003317833
0.004502058
0.004225016
0.004462957
0.003741026
0.003871918
0.004318953
0.004626036
0.004299879
0.004123926
0.004194975
0.004040956
0.004501104
0.004256010
0.004717827
0.004259109
0.004770994
0.004250050
0.004017115
0.004108191
0.004403830
0.004056931
0.005075932
0.004101038
0.004128933
0.004106998
0.004590034
0.004680872
0.004679918
0.004844904
0.004724026
0.004529953
0.004311800
0.005105019
0.006820202
0.004801989
0.004943132
0.004737139
0.004857063
0.004720926
0.004786015
0.005413055
0.005101919
0.005380869
0.005290985
0.005208969
0.004512072
0.004904985
0.005166054
0.005877972
0.005298138
0.005021095
0.006233931
0.005223989
0.005007029
0.006278038
0.005146027
0.005115032
0.005202055
0.005053997
0.006499052
0.004960060
0.005486965
0.006763935
0.005699158
0.006329060
0.006436110
0.005726099
0.005932093
0.006217957
0.006801128
0.007138014
0.006267071
0.006623030
0.006515026
0.006234884
0.007467985
0.007160902
0.007051945
0.006757021
0.006911039
0.008344173
0.007708073
0.006991148
0.007859945
0.007447958
0.008451939
0.006567001
0.007164955
0.008110046
0.007462025
0.007905006
0.008960962
0.006984949
0.007532835
0.007622004
0.008240938
0.008810043
0.007580996
0.008962870
0.008438110
0.007395983
0.007266998
0.008589029
0.008975983
0.008898973
0.010136843
0.007563829
0.007550001
0.009500027
0.009449959
0.008155107
0.008394003
0.008216143
0.009627104
0.007930994
0.009542942
0.009914875
0.008647919
0.008352041
0.009348154
0.008502007
0.008954048
0.010282040
0.009416103
0.008716106
0.008556843
0.008657932
0.008729219
0.010706902
0.008742094
0.011743069
0.008309126
0.011045933
0.008436918
0.009458065
0.008959055
0.008964062
0.009179115
0.010955095
0.009009123
0.011336803
0.012211084
0.009183168
0.008662939
0.012317896
0.009263039
0.009426832
0.009340048
0.012807846
0.009474993
0.013210058
0.012737036
0.013082027
0.009990931
0.009984016
0.009714127
0.011307955
0.012607098
0.013399124
0.013562918
0.009161949
0.009676933
0.014452934
0.013826132
0.009788036
0.009921074
0.010131836
0.013099909
0.013875008
0.013215065
0.010072947
0.014263868
0.013425827
0.011141062
0.009543180
0.010341883
0.009674072
0.009566784
0.009688139
0.010506153
0.010451078
0.013683081
0.009683132
0.010243893
0.009665012
0.009819984
0.009773016
0.015096903
0.015175104
0.010685921
0.010857105
0.018851995
0.009799004
0.010241985
0.009881020
0.015336037
0.015604019
0.010823965
0.010055065
0.010970831
0.010059834
0.014913082
0.014901876
0.010107994
0.010968208
0.010201216
0.010437012
0.011180162
0.010417938
0.016203165
0.010504007
0.015151978
0.011234045
0.010441065
0.015946150
0.015370131
0.010453939
0.016575098
0.011835098
0.015418053
0.016666889
0.015772820
0.015622139
0.010864019
0.011741161
0.011042833
0.016494036
0.020038843
0.015450954
0.011159182
0.016201973
0.011185169
0.015770912
0.016330957
0.016314983
0.011198044
0.011070967
0.012143850
0.017623901
0.012150764
0.019072056
0.011445045
0.011297941
0.011538982
0.016247034
0.011536837
0.011303186
0.011380911
0.016910791
0.012321949
0.011503935
0.017982006
0.011597872
0.012639999
0.018170118
0.012591839
0.018321037
0.012668133
0.017845154
0.012901068
0.012062073
0.017373085
0.012881041
0.017782211
0.017673969
0.013119936
0.018996000
0.017845154
0.018423796
0.017421961
0.013242960
0.012460947
0.013508081
0.017434835
0.019308090
0.019382000
0.013508081
0.019605160
0.013561010
0.014935017
0.012597799
0.018763065
0.019787788
0.012856960
0.013629198
0.013801098
0.019062042
0.012992144
0.018774033
0.013913155
0.018770933
0.014096022
0.013350010
0.015581131
0.013226032
0.013309002
0.019196987
0.013417959
0.013163805
0.020612001
0.019216061
0.018743992
0.019499063
0.019263983
0.014057159
0.019938946
0.013843060
0.019504070
0.021181822
0.013520956
0.020549059
0.017909050
0.015063047
0.019821882
0.013896942
0.014741898
0.019560099
0.015669107
0.015736103
0.015326977
0.014869928
0.015311003
0.019765854
0.015331984
0.014933109
0.014600039
0.020738840
0.020074844
0.016767979
0.020018101
0.021798134
0.022078037
0.020790815
0.020912886
0.021775961
0.021145821
0.014848948
0.021160841
0.015137911
0.016481161
0.016398191
0.022321939
0.016366005
0.015900135
0.021908045
0.021708012
0.017037153
0.018209934
0.015563965
0.023415804
0.022421837
0.015095949
0.017844200
0.021967888
0.021873951
0.022433996
0.022789955
0.020821095
0.017066002
0.023372173
0.016255856
0.017915010
0.023603916
0.016952038
0.022334099
0.015530109
0.015681982
0.018484116
0.023939848
0.016803980
0.017616987
0.015783072
0.017992973
0.017395020
0.021485806
0.025558949
0.015603065
0.018864155
0.015530825
0.020042181
0.021982908
0.024206877
0.016988039
0.018698931
0.022642851
0.023954868
0.023442984
0.015966892
0.023935080
0.018412113
0.016424894
0.016222000
0.022377014
0.017378092
0.024744034
0.021017075
0.022112846
0.026781082
0.021144867
0.022421122
0.017323017
0.018903971
0.018583059
0.020052910
0.023215055
0.017969131
0.032549858
0.024735928
0.018039942
0.017649889
0.025012970
0.024812937
0.018357038
0.024928093
0.022685051
0.017998934
0.022298098
0.020805120
0.017248154
0.021429062
0.018836021
0.017383099
0.021844864
0.017408133
0.027998924
0.021822929
0.024363041
0.017632008
0.018224001
0.025660992
0.023938179
0.018931866
0.022282124
0.019261837
0.019145012
0.020166874
0.025483847
0.023603916
0.022778034
0.023331165
0.027140856
0.023070097
0.019459963
0.018166065
0.021907091
0.029505968
0.020949125
0.022691965
0.022902966
0.019437075
0.022769928
0.018771887
0.019626856
0.022233009
0.019984961
0.018481970
0.024049997
0.020123959
0.018738031
0.022372007
0.025987864
0.024487972
0.025079966
0.022354126
0.020623922
0.029893160
0.018881083
0.019962072
0.025254011
0.020594835
0.019052982
0.024355888
0.020483971
0.023175001
0.025031090
0.025675058
0.026478052
0.025563955
0.021922827
0.020861149
0.023447037
0.021110058
0.019564867
0.035051823
0.025387049
0.021223068
0.025417089
0.032064199
0.021248817
0.027284145
0.031085014
0.020668983
0.026298046
0.021505117
0.021623850
0.025626183
0.032456875
0.030550003
0.025331020
0.030246019
0.021027088
0.035604954
0.020730972
0.024234056
0.026454926
0.029030800
0.021621943
0.029478073
0.021922112
0.022762060
0.025819063
0.021155119
0.020490885
0.028131962
0.020776033
0.021676064
0.027736902
0.030633211
0.026252985
0.028382063
0.021525145
0.022493839
0.028146982
0.022710085
0.021019220
0.025380135
0.022982121
0.021262169
0.026050806
0.021919966
0.034197092
0.027920961
0.021451950
0.021579981
0.026887894
0.025614023
0.027981997
0.031701803
0.025207043
0.023461819
0.022469044
0.028686047
0.031375885
0.021953106
0.028978109
0.027097940
0.030209064
0.025513172
0.022628069
0.023207903
0.030792952
0.022845984
0.034092903
0.027866125
0.036349058
0.027102947
0.028100967
0.024179935
0.022528172
0.030281067
0.022995949
0.023488045
0.026589155
0.027086973
0.023755074
0.028145790
0.027460098
0.024207115
0.026926994
0.033936977
0.022955179
0.030280113
0.029118061
0.024082899
0.028233051
0.023618937
0.024633884
0.029178858
0.023867846
0.023125887
0.027744055
0.028354883
0.035397053
0.027433872
0.024079084
0.033498049
0.027032137
0.029731035
0.024160862
0.025125027
0.029016018
0.024250984
0.024852991
0.032717943
0.034274817
0.024080992
0.033984184
0.025339842
0.024032116
0.033222914
0.024677038
0.024184942
0.028799057
0.024685144
0.036011934
0.029573917
0.024753094
0.028059959
0.031899929
0.024955988
0.032418013
0.029698849
0.025108099
0.024345875
0.034492016
0.026459932
0.024674892
0.032795906
0.024404049
0.024678946
0.030570984
0.024479866
0.042732954
0.034858942
0.039278984
0.036917925
0.032500029
0.030680180
0.038686037
0.037009954
0.025689125
0.026190042
0.029538870
0.038031101
0.036871195
0.031382084
0.025872946
0.025366783
0.029814005
0.033736944
0.032793045
0.028162956
0.036710978
0.034857035
0.035867929
0.040200949
0.041514158
0.033369064
0.026276827
0.025610924
0.030398130
0.025497913
0.038417101
0.035959959
0.027662039
0.025928020
0.031897068
0.027820826
0.025817871
0.032367945
0.026535988
0.026201963
0.032032013
0.025854826
0.026320219
0.029548883
0.042951107
0.029018164
0.030371189
0.036781073
0.036066055
0.030768156
0.045893908
0.037954092
0.029538870
0.039447069
0.026950121
0.035107851
0.027868986
0.038898230
0.037186861
0.026283026
0.036303997
0.032021999
0.027615070
0.028688908
0.033336878
0.033406973
0.026952982
0.030678034
0.030160904
0.035212994
0.040262938
0.030086994
0.027919054
0.029538870
0.035814047
0.033254862
0.027499914
0.030967951
0.038379908
0.037800074
0.039482117
0.038316965
0.031232834
0.033529043
0.028003931
0.030202866
0.037667990
0.040967941
0.029050112
0.040649176
0.028101206
0.028657198
0.032241106
0.032634974
0.027663946
0.040992975
0.027540922
0.033828974
0.032418966
0.042916059
0.027726889
0.031194210
0.028594971
0.027843952
0.037802935
0.039174080
0.029863119
0.032952070
0.032680035
0.028052092
0.029577971
0.032370806
0.028066874
0.032454014
0.027746916
0.028161049
0.031767130
0.031410933
0.029716969
0.030980825
0.037706137
0.032369852
0.039869070
0.029217005
0.028540134
0.032552004
0.029168844
0.030169964
0.030794859
0.034102917
0.028532028
0.033260107
0.029479980
0.028850079
0.042779922
0.030771017
0.028728008
0.031198025
0.029538155
0.034090042
0.029968977
0.034191132
0.028857946
0.034274101
0.033617973
0.034672022
0.032565832
0.031350851
0.029215097
0.038519859
0.040163994
0.042368889
0.033228159
0.029202938
0.031332016
0.035924911
0.030395031
0.041083097
0.031681061
0.042422056
0.031117916
0.030603170
0.030900002
0.038601160
0.041722059
0.031280041
0.028947115
0.041056156
0.034969091
0.031865120
0.037138939
0.035825968
0.030265093
0.032829046
0.030040979
0.030883074
0.038342953
0.029788971
0.029105902
0.033078909
0.031588078
0.032469034
0.033040047
0.034489870
0.030642033
0.030205011
0.042418003
0.031311989
0.032004833
0.037727833
0.030976057
0.037022114
0.032399893
0.031523943
0.031505823
0.029837847
0.049600124
0.038078785
0.038306952
0.029871225
0.032412052
0.030691147
0.031232119
0.027407169
0.044051170
0.052891016
0.030133963
0.037111998
0.032943010
0.033809185
0.037724018
0.031338930
0.032187939
0.031512976
0.031414986
0.037196159
0.031897068
0.038631916
0.041611910
0.040401936
0.032499075
0.032391071
0.041245937
0.030576944
0.038591862
0.032725096
0.031794786
0.032530069
0.039806843
0.033612013
0.043203115
0.031692028
0.031943083
0.033056974
0.033358097
0.034125090
0.033991098
0.037259817
0.032082081
0.032638073
0.032286167
0.032058001
0.033385038
0.040505171
0.038903952
0.033629894
0.031818151
0.042492867
0.031479836
0.031899929
0.032227039
0.035198927
0.032021999
0.041218042
0.033054113
0.041153908
0.044596910
0.035275936
0.032289028
0.045538902
0.032867908
0.040203810
0.032758951
0.031902075
0.032991886
0.032963037
0.033550024
0.032414913
0.043071032
0.035883904
0.034052134
0.041309118
0.032104969
0.033903122
