0.000040770
0.000098944
0.000104904
0.000769854
0.000228882
0.000200033
0.000319958
0.000987053
0.000458956
0.000470877
0.000390053
0.000785112
0.001633883
0.000950098
0.001966953
0.000737190
0.000618935
0.000843048
0.002122164
0.000902891
0.001044035
0.001086950
0.000952005
0.001144886
0.001229048
0.001278162
0.001156092
0.001036882
0.001518965
0.001461029
0.001067877
0.001235962
0.001085997
0.001231909
0.001224995
0.001280069
0.001818895
0.001308918
0.002082825
0.001760006
0.002158880
0.002092123
0.001621962
0.001485109
0.001667976
0.002068996
0.001491070
0.001636028
0.001825094
0.001639843
0.001647949
0.002007008
0.002146959
0.001843929
0.001735926
0.001688957
0.002084970
0.004038095
0.001967907
0.002012014
0.002270937
0.002671003
0.002081156
0.002439022
0.002346039
0.002197981
0.002728939
0.004565954
0.002748966
0.002765179
0.004197836
0.004272938
0.002943039
0.002925873
0.002550840
0.003447056
0.002661943
0.003042936
0.002583981
0.003403902
0.003888845
0.003266811
0.002790928
0.003208876
0.003015995
0.003196955
0.002879143
0.003343105
0.002652168
0.003005028
0.002918005
0.003201008
0.003149033
0.003144026
0.003274202
0.002817154
0.003145933
0.003304005
0.003190994
0.003226042
0.003878832
0.004174232
0.003305912
0.003166199
0.003581047
0.003901005
0.003622055
0.003822088
0.004208088
0.004189968
0.004012823
0.003589869
0.004122972
0.003887892
0.003898859
0.003992081
0.004279852
0.004117012
0.004228115
0.004392862
0.004128933
0.005264997
0.004358053
0.004253864
0.004693031
0.005373955
0.003906012
0.004159927
0.004380941
0.004395962
0.004364014
0.005353928
0.004981041
0.004343987
0.005059958
0.004117012
0.005116940
0.005486012
0.005738020
0.004713058
0.004728079
0.004684925
0.005068064
0.005445004
0.004573107
0.004898071
0.004786968
0.005219221
0.004821062
0.005026817
0.005304813
0.004703999
0.004598141
0.005269051
0.005968094
0.005505800
0.005343914
0.005429983
0.005177021
0.005341053
0.005599976
0.006683826
0.005610943
0.005324125
0.005455971
0.007082939
0.005747080
0.006882906
0.005126953
0.006643057
0.005122900
0.006232023
0.005846977
0.006680965
0.006352186
0.010448217
0.005897999
0.006545067
0.006321907
0.006412029
0.006675005
0.006877899
0.006788969
0.007929087
0.006402969
0.006971121
0.006585121
0.006347895
0.006338835
0.007414103
0.008359909
0.007704973
0.006948948
0.008432150
0.006985188
0.006940126
0.007521152
0.007488012
0.007501841
0.008412838
0.011312008
0.008795977
0.008422852
0.008826017
0.012196064
0.009379148
0.009140015
0.009759903
0.008655071
0.007918835
0.009917021
0.008049965
0.009699821
0.008953094
0.008039951
0.009468079
0.010338783
0.009331942
0.008401871
0.008237839
0.007781029
0.008037090
0.009801149
0.008423090
0.010175943
0.009184837
0.009659052
0.008632183
0.010655165
0.009067059
0.009908915
0.008809090
0.008922100
0.010792017
0.011819124
0.008543968
0.009407043
0.008841991
0.010990143
0.011704922
0.012598991
0.011967897
0.008993864
0.009081841
0.009172916
0.008580208
0.008615971
0.008730888
0.011682987
0.010161877
0.011385918
0.008489132
0.009079933
0.009131908
0.009747982
0.009493113
0.009683847
0.009605885
0.008820057
0.008989096
0.008787870
0.009693146
0.009012938
0.009582996
0.009027004
0.009124994
0.009008884
0.013990879
0.008923054
0.009916067
0.009297848
0.013260126
0.014027834
0.013180971
0.014106989
0.010148048
0.013920069
0.009551048
0.014367819
0.009678125
0.009741068
0.018110991
0.009725094
0.009413004
0.009752035
0.009801149
0.010337114
0.015022039
0.010446072
0.010590076
0.010200977
0.015094995
0.010642052
0.010583878
0.010689974
0.009712934
0.010690928
0.015405178
0.014390945
0.010690928
0.014542103
0.014597893
0.014522076
0.014653921
0.009991884
0.010927200
0.010370016
0.010087013
0.010154009
0.010188103
0.015954018
0.015923023
0.015016079
0.015305996
0.010591030
0.011744976
0.011322021
0.015300989
0.015332937
0.010752201
0.016526937
0.010507822
0.016467094
0.010783911
0.010854959
0.015638828
0.019383907
0.016798019
0.010900021
0.011744976
0.016911983
0.010779142
0.011666059
0.011784077
0.011962891
0.015770912
0.011683941
0.015945196
0.011745930
0.011895895
0.011265039
0.011150122
0.016481161
0.016369104
0.011399031
0.017651796
0.011173964
0.012028933
0.016793966
0.017686844
0.021187067
0.018093109
0.011572838
0.016804934
0.017942190
0.013041019
0.017745972
0.017282963
0.017525911
0.018125057
0.011878967
0.017124891
0.017266035
0.011997938
0.017318964
0.012959957
0.017451048
0.011953115
0.012752056
0.018093109
0.011935949
0.018841028
0.017632961
0.012109041
0.012933016
0.013173103
0.013123989
0.017895937
0.018039942
0.018208981
0.019323111
0.018496990
0.012672901
0.013499022
0.013627052
0.013528109
0.018842936
0.012648106
0.017225981
0.018943071
0.012965918
0.019870043
0.012990952
0.020033836
0.013798952
0.012885094
0.013109922
0.018978119
0.013136148
0.019276857
0.020268917
0.014266968
0.014292002
0.020576000
0.019353151
0.013223171
0.019839048
0.020153999
0.018217087
0.013560057
0.013379812
0.019388914
0.014415026
0.014046192
0.013662100
0.014351130
0.021318913
0.015484095
0.021273136
0.014747858
0.015013933
0.017094851
0.015024900
0.014565945
0.019930840
0.021381140
0.024502039
0.015324116
0.014038086
0.021035910
0.020689011
0.015305042
0.014564991
0.015031815
0.021116972
0.014936924
0.014851809
0.015182018
0.020803928
0.015665054
0.021964073
0.015985966
0.016134024
0.021104813
0.015927076
0.021573067
0.021481037
0.021657944
0.015537977
0.022130013
0.014508963
0.014627934
0.016451836
0.021847010
0.017200947
0.024719000
0.024203062
0.022937059
0.023653030
0.023993969
0.018066883
0.015331030
0.015015125
0.019096136
0.020623922
0.016300917
0.017314196
0.015386105
0.016437054
0.023957014
0.016271830
0.016452074
0.017822981
0.015684128
0.026823997
0.018071890
0.015678883
0.016870022
0.017442942
0.019491911
0.021957159
0.023172140
0.022193909
0.015669107
0.017076969
0.024773121
0.016968012
0.017266989
0.018996954
0.021215916
0.020347118
0.019321918
0.017094135
0.016520023
0.018842936
0.017275095
0.021982908
0.022882938
0.016180992
0.017142057
0.018266916
0.016740799
0.017575026
0.019883156
0.016810894
0.017133951
0.021459103
0.025181055
0.025671959
0.025679827
0.023758888
0.018127918
0.022500992
0.018144846
0.018164873
0.024616003
0.017317057
0.019545078
0.022685051
0.024760008
0.018287182
0.020571947
0.026412010
0.018496037
0.022253990
0.017781019
0.017364979
0.022536039
0.017742157
0.026435852
0.021800041
0.022646904
0.025629997
0.021386147
0.021988153
0.018507004
0.022943020
0.022202015
0.026895046
0.023822069
0.018244028
0.018508911
0.031845093
0.029038191
0.029360056
0.022304058
0.029134035
0.019345045
0.023433924
0.019577980
0.018772840
0.022662878
0.027624846
0.029946804
0.023252964
0.018839836
0.020086050
0.024245024
0.019689083
0.019929171
0.022694111
0.020028114
0.020988941
0.021762133
0.019755840
0.020210028
0.024323940
0.030442953
0.018832922
0.024989128
0.026669025
0.019068003
0.026060104
0.020512104
0.030282021
0.023423910
0.020626068
0.019840002
0.026534081
0.030440092
0.026053905
0.028154850
0.031096935
0.020612001
0.023360014
0.019613028
0.019703150
0.025171995
0.029972076
0.029021025
0.025725842
0.023611069
0.019881010
0.024022102
0.032077074
0.031705856
0.027014017
0.027730942
0.020087004
0.025178909
0.029021025
0.022186041
0.027630806
0.021733046
0.022037983
0.026044846
0.027524948
0.036728144
0.026596069
0.020920038
0.020889997
0.028267860
0.031762123
0.031026125
0.027805090
0.021191120
0.020607948
0.027240992
0.021587849
0.021549940
0.025203943
0.022270918
0.021840811
0.024446964
0.020992041
0.021762133
0.025146961
0.020998955
0.022109985
0.030079842
0.021772146
0.027153015
0.026820183
0.021913052
0.022821188
0.029333830
0.022072077
0.032249928
0.037842035
0.031105995
0.026865005
0.028280020
0.028484106
0.022461891
0.025381088
0.023679018
0.023411036
0.030997038
0.032989025
0.027443886
0.025985003
0.022521019
0.023561001
0.026537180
0.023879051
0.032202959
0.027456045
0.023411036
0.022193909
0.030223131
0.023695946
0.034940958
0.029504061
0.034337044
0.034114122
0.027902126
0.023087978
0.023668051
0.032793045
0.023127079
0.022741079
0.031205893
0.023488998
0.023880959
0.029891014
0.024266005
0.023998022
0.032510042
0.030368090
0.023697138
0.028406858
0.034416914
0.031895161
0.028918982
0.035756111
0.032620907
0.028612852
0.029661894
0.023459911
0.030460119
0.029740095
0.023540974
0.028786898
0.036762953
0.023617983
0.032290936
0.038100004
0.025661230
0.033342838
0.024171829
0.035912991
0.032974958
0.030896902
0.025076151
0.032977104
0.024531841
0.024829865
0.030009031
0.035205841
0.027749062
0.029166937
0.033850908
0.024361134
0.031023979
0.025000811
0.024440050
0.034513950
0.036720037
0.024503946
0.033234835
0.025094032
0.024634123
0.029028893
0.036391973
0.036948919
0.029166222
0.025340080
0.024845123
0.032514095
0.026582003
0.024814844
0.029922009
0.025505066
0.028799057
0.033014059
0.025655031
0.031873941
0.035897017
0.033534050
0.032933950
0.030151844
0.027467012
0.026180983
0.030472994
0.025938988
0.038246155
0.035248995
0.031196117
0.030164957
0.030218124
0.027173996
0.026283979
0.037184000
0.042635202
0.031870127
0.039520979
0.041155100
0.027383089
0.035140038
0.026499987
0.027000904
0.036098957
0.038662195
0.026978970
0.036569834
0.028044939
0.025964022
0.031624079
0.025921106
0.026242971
0.037871122
0.038604975
0.032329082
0.029962063
0.027027130
0.038984060
0.036631107
0.027020931
0.030786991
0.031851768
0.026744843
0.029052973
0.029980898
0.028650999
0.029309034
0.030678988
0.036875010
0.028097868
0.029321909
0.027765036
0.028165817
0.031776905
0.027524948
0.031428099
0.032603979
0.031961918
0.027062178
0.031430960
0.031983852
0.027014017
0.037497997
0.033301830
0.027318954
0.039552927
0.033252001
0.027132034
0.032849073
0.029554844
0.036781073
0.032093048
0.036774158
0.038580179
0.041837931
0.027379036
0.027469873
0.037427187
0.027498960
0.028716803
0.035523176
0.038254023
0.028818130
0.032305956
0.038360119
0.028871059
0.031311989
0.033311844
0.035413027
0.030920982
0.028553963
0.031184912
0.036002874
0.029655933
0.033636093
0.031898022
0.030122995
0.029217005
0.030575991
0.028108120
0.039242983
0.028787851
0.041610956
0.030173063
0.030290127
0.029479027
0.039871931
0.031693935
0.044127941
0.030949116
0.030493975
0.032197952
0.039661169
0.039100885
0.028402090
0.032020092
0.029161930
0.028753996
0.044931173
0.041110039
0.034759998
0.030793190
0.029560089
0.032669067
0.031367779
0.029545069
0.043113947
0.032328129
0.034182072
0.038713932
0.036023855
0.029675961
0.030313015
0.038444042
0.030001163
0.045216084
0.030532837
0.046236992
0.034570932
0.040667057
0.029727936
0.030405045
0.031314850
0.029227018
0.044334888
0.031408072
0.042252064
0.029110909
0.032040834
0.030174017
0.029278040
0.039930105
0.035287857
0.032274961
0.031598091
0.030734062
0.030780077
0.032666922
0.041054010
0.032992125
0.033257008
0.035619020
0.030946970
0.032305002
0.030503035
0.031162024
0.032471180
0.030665159
0.029792070
0.031730890
0.031775951
0.030251026
0.032850027
0.032486916
0.031627893
0.033189058
0.049762964
0.030287027
0.030646086
0.034305096
0.030097961
0.042953968
0.032004118
0.031512976
0.033617020
0.031594992
0.030485868
0.030971050
0.037682056
0.035501957
0.031090975
0.042865038
0.033630848
0.031853914
0.030555010
0.040652990
0.034775972
0.030822039
0.045580864
0.031401157
0.030936003
0.030704975
0.038650990
0.039892912
0.030478954
0.032363892
0.032312870
0.031597853
0.046063900
0.033580065
0.033471823
0.043272972
0.040416002
0.050975084
0.031530142
0.038796902
0.035459995
0.035707951
0.031419992
0.031978130
0.031903028
0.031698942
0.032819986
0.031037807
0.039386034
0.034914970
0.043557167
0.047734022
0.034222841
0.044401884
0.032065868
0.035120010
0.047849178
0.040682077
0.042124033
0.042832136
0.033037901
0.032430172
0.034991026
0.038310051
0.036476851
0.032835007
0.045679092
0.032461882
0.031583071
0.032407999
0.032546997
0.031734943
0.039865017
0.032906055
0.033189058
0.032356024
0.034174204
0.032685995
0.046059132
0.046154022
0.033240080
0.046300888
0.047349930
0.033308029
0.032809973
0.033048153
