0.000055075
0.000102997
0.000140905
0.000138044
0.000210047
0.000205994
0.000288010
0.001178980
0.000457048
0.000399113
0.000479937
0.000783920
0.000745058
0.000491142
0.000585079
0.000621796
0.000706911
0.000832081
0.000928164
0.002016783
0.000834942
0.000895977
0.000849962
0.000977039
0.000969172
0.001092911
0.001147032
0.001033068
0.001279116
0.001111031
0.001043081
0.001210928
0.001446009
0.001247883
0.001122952
0.001183987
0.001106024
0.001423836
0.001569986
0.001398087
0.001307011
0.001837015
0.001589060
0.001447916
0.001559019
0.001411915
0.001809120
0.001587152
0.001531124
0.002074003
0.002342939
0.001979113
0.001657009
0.001728058
0.002338171
0.001852036
0.002595901
0.002207041
0.002047777
0.004061937
0.002451181
0.002162933
0.002476931
0.002861977
0.002614975
0.002879858
0.002526999
0.002569914
0.002096891
0.003232002
0.002261162
0.002258062
0.002611876
0.002456188
0.002923012
0.002943039
0.002319813
0.002635956
0.002613068
0.002801895
0.002489090
0.002716064
0.003192902
0.003542900
0.003323078
0.004430056
0.002929926
0.002923965
0.002809048
0.002713919
0.002789021
0.002810001
0.003139973
0.003633022
0.003185987
0.003443003
0.003511190
0.003862858
0.003568172
0.003114939
0.003319025
0.003222942
0.003131151
0.003740072
0.003855944
0.003233194
0.003304005
0.003621101
0.004684925
0.004029989
0.004091024
0.004062891
0.003874063
0.003957987
0.004755974
0.004096031
0.003914833
0.004493952
0.004082203
0.003998995
0.004951000
0.004487991
0.004997015
0.004097939
0.004029989
0.004196167
0.005283117
0.004826069
0.004163980
0.005364180
0.004410982
0.004698038
0.004513025
0.004180908
0.005197048
0.005579948
0.004172087
0.004971027
0.004948854
0.004555941
0.005772114
0.004732847
0.005326033
0.004810095
0.005533934
0.004822016
0.005384922
0.007613897
0.005299091
0.004890919
0.005212069
0.005523205
0.005092144
0.004672050
0.004893780
0.004936934
0.006217957
0.005254984
0.006367922
0.005499840
0.005111933
0.005331993
0.005595922
0.005522013
0.005784035
0.006674051
0.005063057
0.005232811
0.005557060
0.005720854
0.006717920
0.006031990
0.006739855
0.006234884
0.006059885
0.007582903
0.006964922
0.006841898
0.006557941
0.006721973
0.006886959
0.006911993
0.007047892
0.007194042
0.007195950
0.008090019
0.006927967
0.007064104
0.009402037
0.006649971
0.007209063
0.007327080
0.006600142
0.007734060
0.006809950
0.008411169
0.008178949
0.008416176
0.008353949
0.008824110
0.009634018
0.008136988
0.007574081
0.006728888
0.008901119
0.008861065
0.007545948
0.009400129
0.009654999
0.007557869
0.009081125
0.008382797
0.012903929
0.008095026
0.010771036
0.009663105
0.009390116
0.008274078
0.009425163
0.009350061
0.008185863
0.007802010
0.009265900
0.010073185
0.008447886
0.008441925
0.009599924
0.011375904
0.008582115
0.009886026
0.008117914
0.008152008
0.010757923
0.010530949
0.008394003
0.008602142
0.010650158
0.011303186
0.009041071
0.011832952
0.009617090
0.008594990
0.009716988
0.009091139
0.012264967
0.016743898
0.009042978
0.011806965
0.011994123
0.009721994
0.012257099
0.012536049
0.008801937
0.012398958
0.012266874
0.012242079
0.009830952
0.012439966
0.012511969
0.009113073
0.010148048
0.008679867
0.009186983
0.009427071
0.014175892
0.009360075
0.012964010
0.014004946
0.010360956
0.009392977
0.010315180
0.013309956
0.013375044
0.013689995
0.014355183
0.014090061
0.009438038
0.009604931
0.013443947
0.013534069
0.010385036
0.014512062
0.017655134
0.013473034
0.009616137
0.010434151
0.014847994
0.010579824
0.014364004
0.014163971
0.009835005
0.010093927
0.014185905
0.010304213
0.010660887
0.010702848
0.015017986
0.015419006
0.014851093
0.015398026
0.014768124
0.015542030
0.014539003
0.015156984
0.014692068
0.010329008
0.015789986
0.011090040
0.014841080
0.015956879
0.010452986
0.010258913
0.010905027
0.019840956
0.016143084
0.015563011
0.010605097
0.015673161
0.015869141
0.015620947
0.015820026
0.015856028
0.010857105
0.016054869
0.010859966
0.010823965
0.010839939
0.016242981
0.010961056
0.016175032
0.015776873
0.015785933
0.011806965
0.016747952
0.016206980
0.011883974
0.011218071
0.011193037
0.011960030
0.017212868
0.017073870
0.011410952
0.016337156
0.011955976
0.012145042
0.011265993
0.011790991
0.012570143
0.011509895
0.011550903
0.013006926
0.017153025
0.017430067
0.017222881
0.017155886
0.012586832
0.011872053
0.017599106
0.011668921
0.017534971
0.020326138
0.011868954
0.017745972
0.011945963
0.017836094
0.014106035
0.012177229
0.012163162
0.012187958
0.012273073
0.018008947
0.017921925
0.012275934
0.012392998
0.012372017
0.018290043
0.018296003
0.012588024
0.012606144
0.012545109
0.018493891
0.012631178
0.018524885
0.012786865
0.012761831
0.018841028
0.012981892
0.015285015
0.012919188
0.023977995
0.012897015
0.012931108
0.013028860
0.012970924
0.013029099
0.019378185
0.020142078
0.014117002
0.019344091
0.013703108
0.018004179
0.018460035
0.019417048
0.014245987
0.020071983
0.018789053
0.031574011
0.021657228
0.021301985
0.019475937
0.019748926
0.014628172
0.019556999
0.019607067
0.013808012
0.014391184
0.014385939
0.020343781
0.019492149
0.020287991
0.021588087
0.021436930
0.021198988
0.014166117
0.014425039
0.014330149
0.020008087
0.016493082
0.014706135
0.020883083
0.021712065
0.024891138
0.020649910
0.024618864
0.022000074
0.016075134
0.019731045
0.020855904
0.022042036
0.021925211
0.016710043
0.017070055
0.016077995
0.016113997
0.021403074
0.022720814
0.017478943
0.021401167
0.019679785
0.015884161
0.021262169
0.016015053
0.015879869
0.021071911
0.022442102
0.015094995
0.016839981
0.022737980
0.014693022
0.017302990
0.015357018
0.022938013
0.017738104
0.016237974
0.016225100
0.021135092
0.023269892
0.016395092
0.017544031
0.022442102
0.024869919
0.017850876
0.020597935
0.016147852
0.018264771
0.027315855
0.016723156
0.024314165
0.022069931
0.015913963
0.015481949
0.023756981
0.016021013
0.022400856
0.018709898
0.015996933
0.022918940
0.021736860
0.021723032
0.017117977
0.023311138
0.016330957
0.024787188
0.019522905
0.017434835
0.016213894
0.019090891
0.016617060
0.016411066
0.026697874
0.026198864
0.027064085
0.018944025
0.016865015
0.022816896
0.021988869
0.016525984
0.023675203
0.022552013
0.024831057
0.025181055
0.019820929
0.027460814
0.018362999
0.020379066
0.017103910
0.025512934
0.023326874
0.027034998
0.017020941
0.022377014
0.017518044
0.018641949
0.024784803
0.018764019
0.018332958
0.023719072
0.019026041
0.026587963
0.022457838
0.018894911
0.017446995
0.023991108
0.018983841
0.018471003
0.025465965
0.025437117
0.017937899
0.021497965
0.026008129
0.022576809
0.021070957
0.018365860
0.018069029
0.023660183
0.018390894
0.018119097
0.023277044
0.018476009
0.019440174
0.022819042
0.018626213
0.018265009
0.026183844
0.027870893
0.027997017
0.023918867
0.021276951
0.027847052
0.021728992
0.028137922
0.026864052
0.023746967
0.028573990
0.018810987
0.022993088
0.026000977
0.019649029
0.026544094
0.026890039
0.019530058
0.023812056
0.020192862
0.020423889
0.023908138
0.020102978
0.028939962
0.031996965
0.028517008
0.027791023
0.020386934
0.022268057
0.020584822
0.027048111
0.023497105
0.030404091
0.029085159
0.025440931
0.020148039
0.029320002
0.024823904
0.020791054
0.029863119
0.023684025
0.020748854
0.030405998
0.026444912
0.020483017
0.020123005
0.026250124
0.031646013
0.021689892
0.026094913
0.031363964
0.027835131
0.025670052
0.020699978
0.020344973
0.028208017
0.020928860
0.021144867
0.026091814
0.020729065
0.022423029
0.026115894
0.022782087
0.021517992
0.025305986
0.022778034
0.024099827
0.027814865
0.028921127
0.021085024
0.026839018
0.033972979
0.031702042
0.025842190
0.029284000
0.034307003
0.025027990
0.021861076
0.028018951
0.027582169
0.029743910
0.034785032
0.027858019
0.022004843
0.021593094
0.028259993
0.022202969
0.030920982
0.029175997
0.033636808
0.021764040
0.027314901
0.023230076
0.024408817
0.026546955
0.032326937
0.028241873
0.027984142
0.035592079
0.032579899
0.026676178
0.022821903
0.023403168
0.030791998
0.022833109
0.023728132
0.026659012
0.033452034
0.023310900
0.029599190
0.023027897
0.022475958
0.028386116
0.023087025
0.032851934
0.030298948
0.023304939
0.022785902
0.030985117
0.030394077
0.026975870
0.031096935
0.036818027
0.022912025
0.028018951
0.023547888
0.024649858
0.032469034
0.035268068
0.023105145
0.029468060
0.029124975
0.027163029
0.028916836
0.031196117
0.023435831
0.027940989
0.024031878
0.023595095
0.028415918
0.027973175
0.024703026
0.028576851
0.024302006
0.023996830
0.027648926
0.024526119
0.035483122
0.029832840
0.024634838
0.029284954
0.032986164
0.024612904
0.034148932
0.029294968
0.035972118
0.030932903
0.028044939
0.025249004
0.024312973
0.029587030
0.025201082
0.025478840
0.028913975
0.026039124
0.024641991
0.029757023
0.028996944
0.024390936
0.030159950
0.025296211
0.024715900
0.033493042
0.036983967
0.025588989
0.033629179
0.031308889
0.036530972
0.035567045
0.024795055
0.024915934
0.031323195
0.030059814
0.025218010
0.034749985
0.025902033
0.037168980
0.032871962
0.025007010
0.030829906
0.032478809
0.025846004
0.027868032
0.030198097
0.034663200
0.026612043
0.035043001
0.032629013
0.028644085
0.031560898
0.039418936
0.025547981
0.031290054
0.050086975
0.026176929
0.032746077
0.026592016
0.038654089
0.029169083
0.026625872
0.026145935
0.033862114
0.041290045
0.026196003
0.037012815
0.026752949
0.028239012
0.046381950
0.034012794
0.027484179
0.029751062
0.040475130
0.027574062
0.031028986
0.027007103
0.026657104
0.030906916
0.037111044
0.027642012
0.031743050
0.034482956
0.027954102
0.042777061
0.032449007
0.026921988
0.036117077
0.032377005
0.036596060
0.030994892
0.029122829
0.026916981
0.039096832
0.029544830
0.028301001
0.041763067
0.029086113
0.027241945
0.030247927
0.027689934
0.028414965
0.038905859
0.033318996
0.028435946
0.030946016
0.027988911
0.027504921
0.040672064
0.028021097
0.027624130
0.032160997
0.028207064
0.031348944
0.037353039
0.030481100
0.027981997
0.031498909
0.028495073
0.032346010
0.032516956
0.028373957
0.027627945
0.030890942
0.038836002
0.027716160
0.032680988
0.032819033
0.029000044
0.030492067
0.043286800
0.028033018
0.031749010
0.029164791
0.028796911
0.031790018
0.038220167
0.038687229
0.040803909
0.028822899
0.028243065
0.037473917
0.028860092
0.031196833
0.033081055
0.028954983
0.028344154
0.035643101
0.031872988
0.029554129
0.040717840
0.029186010
0.040764093
0.035552979
0.029371023
0.028780937
0.031892061
0.030823946
0.035295010
0.037647963
0.029422045
0.032088995
0.038825989
0.043177843
0.046673059
0.042218924
0.033253908
0.032393932
0.040881157
0.029685974
0.029622078
0.034574032
0.032944918
0.033452988
0.033286095
0.034252167
0.030535936
0.030962944
0.034168959
0.029116154
0.033002138
0.029963970
0.030715942
0.031544209
0.041418076
0.029276848
0.041774988
0.033354998
0.039814949
0.031842947
0.045860767
0.030910015
0.030817032
0.029236078
0.031519175
0.045923948
0.030378103
0.029886007
0.042130947
0.030505896
0.031786919
0.033151865
0.041266918
0.030255079
0.029983997
0.044219017
0.033136129
0.033367872
0.031025887
0.032995939
0.030758858
0.030170202
0.032885075
0.044267893
0.029785156
0.032676935
0.030942917
0.030122042
0.039365053
0.041570187
0.037554979
0.033239841
0.044359922
0.030186892
0.040574074
0.032858849
0.042768002
0.052300930
0.043557167
0.030433893
0.030991077
0.031418085
0.031961918
0.032088995
0.031421185
0.030753136
0.031771183
0.031471968
0.030678988
0.046611071
0.030355930
0.030802011
0.046723127
0.046586990
0.032765865
0.033909082
0.043653011
0.032441139
0.036777020
0.044757128
0.032674074
0.031460047
0.032363892
0.030856133
0.047430992
0.032627106
0.044193029
0.039756775
0.032040119
0.039027929
0.039737940
0.039026022
0.054792881
0.033366919
0.033214092
0.032978058
0.032623053
0.032235861
0.032836914
0.032531023
0.032299995
0.031391859
0.046570063
0.045565844
0.039873123
0.033879995
0.032629013
0.034336090
0.034428835
0.032570839
0.031599045
0.033163071
0.051662207
0.031661987
0.050405979
0.047543049
0.033463955
0.038996935
0.036514997
0.034940004
0.032098055
0.039832115
0.034177065
0.032682896
0.033056974
0.032871008
0.032749891
0.035913944
0.035416842
